x-axis,1,2
second,Volt,Volt
-2.500000E-06,+3.148238740861E+00,+3.200743883848E+00
-2.497500E-06,+3.148238740861E+00,+3.120341874659E+00
-2.495000E-06,+3.188439745456E+00,+3.200743883848E+00
-2.492500E-06,+3.148238740861E+00,+3.200743883848E+00
-2.490000E-06,+3.148238740861E+00,+3.120341874659E+00
-2.487500E-06,+3.228640750051E+00,+3.200743883848E+00
-2.485000E-06,+3.228640750051E+00,+3.200743883848E+00
-2.482500E-06,+3.148238740861E+00,+3.220844386145E+00
-2.480000E-06,+3.228640750051E+00,+3.200743883848E+00
-2.477500E-06,+3.228640750051E+00,+3.140442376956E+00
-2.475000E-06,+3.148238740861E+00,+3.160542879254E+00
-2.472500E-06,+3.148238740861E+00,+3.120341874659E+00
-2.470000E-06,+3.148238740861E+00,+3.200743883848E+00
-2.467500E-06,+3.228640750051E+00,+3.120341874659E+00
-2.465000E-06,+3.148238740861E+00,+3.120341874659E+00
-2.462500E-06,+3.148238740861E+00,+3.120341874659E+00
-2.460000E-06,+3.228640750051E+00,+3.120341874659E+00
-2.457500E-06,+3.087937233970E+00,+3.200743883848E+00
-2.455000E-06,+3.148238740861E+00,+3.160542879254E+00
-2.452500E-06,+3.228640750051E+00,+3.120341874659E+00
-2.450000E-06,+3.228640750050E+00,+3.120341874659E+00
-2.447500E-06,+3.148238740861E+00,+3.120341874659E+00
-2.445000E-06,+3.188439745456E+00,+3.200743883848E+00
-2.442500E-06,+3.148238740861E+00,+3.140442376956E+00
-2.440000E-06,+3.148238740861E+00,+3.120341874659E+00
-2.437500E-06,+3.148238740861E+00,+3.120341874659E+00
-2.435000E-06,+3.188439745456E+00,+3.200743883848E+00
-2.432500E-06,+3.208540247753E+00,+3.180643381551E+00
-2.430000E-06,+3.148238740861E+00,+3.200743883848E+00
-2.427500E-06,+3.228640750051E+00,+3.200743883848E+00
-2.425000E-06,+3.148238740861E+00,+3.200743883848E+00
-2.422500E-06,+3.168339243159E+00,+3.200743883848E+00
-2.420000E-06,+3.228640750051E+00,+3.200743883848E+00
-2.417500E-06,+3.228640750051E+00,+3.200743883848E+00
-2.415000E-06,+3.148238740861E+00,+3.120341874659E+00
-2.412500E-06,+3.148238740861E+00,+3.100241372362E+00
-2.410000E-06,+3.228640750051E+00,+3.200743883848E+00
-2.407500E-06,+3.208540247753E+00,+3.120341874659E+00
-2.405000E-06,+3.148238740861E+00,+3.200743883848E+00
-2.402500E-06,+3.228640750051E+00,+3.200743883848E+00
-2.400000E-06,+3.228640750051E+00,+3.200743883848E+00
-2.397500E-06,+3.148238740861E+00,+3.200743883848E+00
-2.395000E-06,+3.228640750051E+00,+3.200743883848E+00
-2.392500E-06,+3.228640750051E+00,+3.200743883848E+00
-2.390000E-06,+3.228640750050E+00,+3.200743883848E+00
-2.387500E-06,+3.228640750051E+00,+3.120341874659E+00
-2.385000E-06,+3.228640750051E+00,+3.200743883848E+00
-2.382500E-06,+3.168339243159E+00,+3.120341874659E+00
-2.380000E-06,+3.228640750051E+00,+3.200743883848E+00
-2.377500E-06,+3.228640750051E+00,+3.140442376956E+00
-2.375000E-06,+3.228640750051E+00,+3.120341874659E+00
-2.372500E-06,+3.228640750051E+00,+3.200743883848E+00
-2.370000E-06,+3.148238740862E+00,+3.200743883848E+00
-2.367500E-06,+3.148238740861E+00,+3.200743883848E+00
-2.365000E-06,+3.228640750051E+00,+3.120341874659E+00
-2.362500E-06,+3.148238740861E+00,+3.120341874659E+00
-2.360000E-06,+3.148238740861E+00,+3.120341874659E+00
-2.357500E-06,+3.148238740861E+00,+3.261045390740E+00
-2.355000E-06,+3.148238740861E+00,+3.200743883848E+00
-2.352500E-06,+3.148238740861E+00,+3.180643381551E+00
-2.350000E-06,+3.228640750050E+00,+3.120341874659E+00
-2.347500E-06,+3.228640750051E+00,+3.180643381551E+00
-2.345000E-06,+3.228640750051E+00,+3.200743883848E+00
-2.342500E-06,+3.148238740861E+00,+3.180643381551E+00
-2.340000E-06,+3.148238740861E+00,+3.200743883848E+00
-2.337500E-06,+3.148238740861E+00,+3.120341874659E+00
-2.335000E-06,+3.188439745456E+00,+3.120341874659E+00
-2.332500E-06,+3.228640750051E+00,+3.200743883848E+00
-2.330000E-06,+3.148238740861E+00,+3.120341874659E+00
-2.327500E-06,+3.208540247754E+00,+3.120341874659E+00
-2.325000E-06,+3.228640750051E+00,+3.200743883848E+00
-2.322500E-06,+3.148238740861E+00,+3.200743883848E+00
-2.320000E-06,+3.228640750051E+00,+3.200743883848E+00
-2.317500E-06,+3.148238740861E+00,+3.200743883848E+00
-2.315000E-06,+3.148238740861E+00,+3.120341874659E+00
-2.312500E-06,+3.148238740861E+00,+3.200743883848E+00
-2.310000E-06,+3.228640750051E+00,+3.120341874659E+00
-2.307500E-06,+3.228640750051E+00,+3.120341874659E+00
-2.305000E-06,+3.148238740861E+00,+3.120341874659E+00
-2.302500E-06,+3.148238740861E+00,+3.200743883848E+00
-2.300000E-06,+3.148238740862E+00,+3.120341874659E+00
-2.297500E-06,+3.228640750051E+00,+3.140442376956E+00
-2.295000E-06,+3.148238740861E+00,+3.200743883848E+00
-2.292500E-06,+3.228640750051E+00,+3.200743883848E+00
-2.290000E-06,+3.228640750050E+00,+3.200743883848E+00
-2.287500E-06,+3.148238740861E+00,+3.200743883848E+00
-2.285000E-06,+3.188439745456E+00,+3.120341874659E+00
-2.282500E-06,+3.148238740861E+00,+3.120341874659E+00
-2.280000E-06,+3.148238740861E+00,+3.120341874660E+00
-2.277500E-06,+3.148238740861E+00,+3.200743883848E+00
-2.275000E-06,+3.148238740861E+00,+3.160542879253E+00
-2.272500E-06,+3.148238740861E+00,+3.120341874659E+00
-2.270000E-06,+3.148238740861E+00,+3.200743883848E+00
-2.267500E-06,+3.148238740861E+00,+3.120341874659E+00
-2.265000E-06,+3.228640750051E+00,+3.200743883848E+00
-2.262500E-06,+3.228640750051E+00,+3.120341874659E+00
-2.260000E-06,+3.228640750050E+00,+3.200743883848E+00
-2.257500E-06,+3.168339243158E+00,+3.281145893037E+00
-2.255000E-06,+3.148238740861E+00,+3.200743883848E+00
-2.252500E-06,+3.148238740861E+00,+3.140442376957E+00
-2.250000E-06,+3.148238740861E+00,+3.120341874659E+00
-2.247500E-06,+3.228640750051E+00,+3.180643381551E+00
-2.245000E-06,+3.148238740861E+00,+3.200743883848E+00
-2.242500E-06,+3.148238740861E+00,+3.140442376957E+00
-2.240000E-06,+3.148238740861E+00,+3.200743883848E+00
-2.237500E-06,+3.148238740861E+00,+3.200743883848E+00
-2.235000E-06,+3.067836731672E+00,+3.200743883848E+00
-2.232500E-06,+3.148238740861E+00,+3.200743883848E+00
-2.230000E-06,+3.148238740861E+00,+3.120341874659E+00
-2.227500E-06,+3.208540247754E+00,+3.140442376956E+00
-2.225000E-06,+3.148238740861E+00,+3.200743883848E+00
-2.222500E-06,+3.228640750051E+00,+3.120341874659E+00
-2.220000E-06,+3.148238740861E+00,+3.200743883848E+00
-2.217500E-06,+3.228640750051E+00,+3.200743883848E+00
-2.215000E-06,+3.228640750051E+00,+3.200743883848E+00
-2.212500E-06,+3.168339243159E+00,+3.180643381550E+00
-2.210000E-06,+3.228640750050E+00,+3.200743883848E+00
-2.207500E-06,+3.228640750051E+00,+3.120341874659E+00
-2.205000E-06,+3.108037736267E+00,+3.120341874659E+00
-2.202500E-06,+2.062811616809E+00,+3.200743883848E+00
-2.200000E-06,+1.218590520323E+00,+3.200743883848E+00
-2.197500E-06,+555.273944513E-03,+3.381648404523E+00
-2.195000E-06,+92.962391676E-03,+3.361547902226E+00
-2.192500E-06,-690.957197919E-03,+3.281145893037E+00
-2.190000E-06,-1.032665736973E+00,+3.361547902226E+00
-2.187500E-06,-1.193469755352E+00,+3.361547902226E+00
-2.185000E-06,-1.113067746162E+00,+3.120341874659E+00
-2.182500E-06,-1.273871764541E+00,+3.019839363172E+00
-2.180000E-06,-1.113067746163E+00,+3.120341874659E+00
-2.177500E-06,-851.761216298E-03,+3.019839363173E+00
-2.175000E-06,-670.856695623E-03,+2.798733837903E+00
-2.172500E-06,-550.253681839E-03,+2.859035344794E+00
-2.170000E-06,-228.645645083E-03,+2.959537856280E+00
-2.167500E-06,-128.143133596E-03,+2.899236349388E+00
-2.165000E-06,+12.560382485E-03,+2.798733837903E+00
-2.162500E-06,+12.560382485E-03,+3.019839363172E+00
-2.160000E-06,+173.364400864E-03,+3.120341874659E+00
-2.157500E-06,+253.766410053E-03,+3.039939865470E+00
-2.155000E-06,+253.766410053E-03,+3.080140870064E+00
-2.152500E-06,+253.766410053E-03,+3.341447399929E+00
-2.150000E-06,+173.364400864E-03,+3.441949911416E+00
-2.147500E-06,+173.364400864E-03,+3.281145893037E+00
-2.145000E-06,+12.560382485E-03,+3.361547902226E+00
-2.142500E-06,+12.560382485E-03,+3.502251418307E+00
-2.140000E-06,+12.560382485E-03,+3.441949911416E+00
-2.137500E-06,-148.243635893E-03,+3.281145893037E+00
-2.135000E-06,-228.645645082E-03,+3.200743883848E+00
-2.132500E-06,-228.645645082E-03,+3.140442376957E+00
-2.130000E-06,-309.047654271E-03,+3.039939865471E+00
-2.127500E-06,-309.047654271E-03,+2.959537856281E+00
-2.125000E-06,-389.449663460E-03,+2.999738860875E+00
-2.122500E-06,-309.047654271E-03,+3.019839363172E+00
-2.120000E-06,-309.047654270E-03,+2.959537856281E+00
-2.117500E-06,-208.545142785E-03,+2.959537856281E+00
-2.115000E-06,-148.243635893E-03,+3.120341874659E+00
-2.112500E-06,-67.841626704E-03,+3.180643381550E+00
-2.110000E-06,-67.841626704E-03,+3.120341874659E+00
-2.107500E-06,+12.560382485E-03,+3.200743883848E+00
-2.105000E-06,+12.560382485E-03,+3.240944888443E+00
-2.102500E-06,+12.560382485E-03,+3.281145893037E+00
-2.100000E-06,+12.560382485E-03,+3.281145893037E+00
-2.097500E-06,-67.841626704E-03,+3.281145893037E+00
-2.095000E-06,-67.841626704E-03,+3.281145893037E+00
-2.092500E-06,-148.243635893E-03,+3.200743883848E+00
-2.090000E-06,-148.243635892E-03,+3.120341874659E+00
-2.087500E-06,-228.645645082E-03,+3.120341874659E+00
-2.085000E-06,-228.645645082E-03,+3.160542879254E+00
-2.082500E-06,-148.243635893E-03,+3.140442376957E+00
-2.080000E-06,-148.243635893E-03,+3.120341874659E+00
-2.077500E-06,-148.243635893E-03,+3.200743883848E+00
-2.075000E-06,-148.243635893E-03,+3.120341874659E+00
-2.072500E-06,-148.243635893E-03,+3.200743883848E+00
-2.070000E-06,-67.841626704E-03,+3.200743883848E+00
-2.067500E-06,-128.143133596E-03,+3.200743883848E+00
-2.065000E-06,-67.841626704E-03,+3.200743883848E+00
-2.062500E-06,+12.560382485E-03,+3.281145893037E+00
-2.060000E-06,-67.841626704E-03,+3.120341874660E+00
-2.057500E-06,-87.942129000E-03,+3.140442376955E+00
-2.055000E-06,-108.042631297E-03,+3.039939865470E+00
-2.052500E-06,-208.545142784E-03,+3.100241372361E+00
-2.050000E-06,-148.243635893E-03,+3.120341874660E+00
-2.047500E-06,-148.243635893E-03,+3.200743883848E+00
-2.045000E-06,-148.243635893E-03,+3.120341874659E+00
-2.042500E-06,-148.243635893E-03,+3.120341874659E+00
-2.040000E-06,-148.243635893E-03,+3.120341874660E+00
-2.037500E-06,-148.243635893E-03,+3.200743883848E+00
-2.035000E-06,-108.042631297E-03,+3.281145893037E+00
-2.032500E-06,-67.841626704E-03,+3.261045390739E+00
-2.030000E-06,-67.841626704E-03,+3.200743883848E+00
-2.027500E-06,-67.841626704E-03,+3.200743883848E+00
-2.025000E-06,-67.841626704E-03,+3.200743883848E+00
-2.022500E-06,-67.841626704E-03,+3.120341874659E+00
-2.020000E-06,-67.841626704E-03,+3.200743883848E+00
-2.017500E-06,-67.841626704E-03,+3.180643381552E+00
-2.015000E-06,-148.243635893E-03,+3.200743883848E+00
-2.012500E-06,-148.243635893E-03,+3.120341874659E+00
-2.010000E-06,-148.243635893E-03,+3.120341874659E+00
-2.007500E-06,-148.243635893E-03,+3.140442376955E+00
-2.005000E-06,+52.761387079E-03,+3.160542879255E+00
-2.002500E-06,+1.097987506537E+00,+3.060040367768E+00
-2.000000E-06,+1.861806593834E+00,+3.120341874658E+00
-1.997500E-06,+2.545223671941E+00,+2.959537856281E+00
-1.995000E-06,+3.108037736266E+00,+2.999738860874E+00
-1.992500E-06,+3.771354312076E+00,+3.039939865470E+00
-1.990000E-06,+4.273866869508E+00,+3.039939865470E+00
-1.987500E-06,+4.273866869509E+00,+3.039939865470E+00
-1.985000E-06,+4.273866869509E+00,+3.240944888442E+00
-1.982500E-06,+4.434670887887E+00,+3.281145893037E+00
-1.980000E-06,+4.193464860321E+00,+3.281145893037E+00
-1.977500E-06,+3.871856823564E+00,+3.361547902226E+00
-1.975000E-06,+3.711052805185E+00,+3.522351920605E+00
-1.972500E-06,+3.650751298295E+00,+3.462050413714E+00
-1.970000E-06,+3.309042759241E+00,+3.441949911416E+00
-1.967500E-06,+3.148238740861E+00,+3.441949911416E+00
-1.965000E-06,+3.067836731672E+00,+3.441949911416E+00
-1.962500E-06,+2.987434722483E+00,+3.301246395336E+00
-1.960000E-06,+2.907032713294E+00,+3.200743883848E+00
-1.957500E-06,+2.826630704105E+00,+3.281145893037E+00
-1.955000E-06,+2.907032713294E+00,+3.200743883848E+00
-1.952500E-06,+2.907032713294E+00,+3.039939865470E+00
-1.950000E-06,+2.907032713294E+00,+2.959537856281E+00
-1.947500E-06,+2.907032713294E+00,+2.959537856281E+00
-1.945000E-06,+3.067836731672E+00,+2.879135847092E+00
-1.942500E-06,+3.047736229374E+00,+2.859035344793E+00
-1.940000E-06,+3.067836731673E+00,+2.879135847091E+00
-1.937500E-06,+3.148238740861E+00,+3.039939865470E+00
-1.935000E-06,+3.228640750051E+00,+3.080140870063E+00
-1.932500E-06,+3.228640750051E+00,+3.180643381550E+00
-1.930000E-06,+3.389444768429E+00,+3.200743883848E+00
-1.927500E-06,+3.309042759240E+00,+3.361547902226E+00
-1.925000E-06,+3.349243763833E+00,+3.361547902226E+00
-1.922500E-06,+3.309042759240E+00,+3.361547902226E+00
-1.920000E-06,+3.228640750052E+00,+3.441949911416E+00
-1.917500E-06,+3.309042759240E+00,+3.341447399930E+00
-1.915000E-06,+3.268841754644E+00,+3.240944888444E+00
-1.912500E-06,+3.228640750051E+00,+3.220844386147E+00
-1.910000E-06,+3.148238740861E+00,+3.200743883848E+00
-1.907500E-06,+3.148238740861E+00,+3.180643381552E+00
-1.905000E-06,+3.067836731672E+00,+3.039939865470E+00
-1.902500E-06,+3.128138238563E+00,+3.039939865470E+00
-1.900000E-06,+3.067836731673E+00,+3.120341874659E+00
-1.897500E-06,+3.148238740861E+00,+3.039939865470E+00
-1.895000E-06,+3.148238740861E+00,+3.120341874659E+00
-1.892500E-06,+3.148238740861E+00,+3.120341874659E+00
-1.890000E-06,+3.228640750049E+00,+3.200743883847E+00
-1.887500E-06,+3.208540247754E+00,+3.200743883848E+00
-1.885000E-06,+3.309042759240E+00,+3.200743883848E+00
-1.882500E-06,+3.228640750051E+00,+3.281145893037E+00
-1.880000E-06,+3.228640750051E+00,+3.200743883848E+00
-1.877500E-06,+3.228640750051E+00,+3.200743883848E+00
-1.875000E-06,+3.228640750051E+00,+3.200743883848E+00
-1.872500E-06,+3.148238740861E+00,+3.200743883848E+00
-1.870000E-06,+3.148238740863E+00,+3.120341874659E+00
-1.867500E-06,+3.148238740861E+00,+3.120341874659E+00
-1.865000E-06,+3.067836731672E+00,+3.160542879255E+00
-1.862500E-06,+3.067836731672E+00,+3.039939865470E+00
-1.860000E-06,+3.067836731674E+00,+3.120341874659E+00
-1.857500E-06,+3.168339243157E+00,+3.180643381552E+00
-1.855000E-06,+3.148238740861E+00,+3.200743883848E+00
-1.852500E-06,+3.228640750051E+00,+3.200743883848E+00
-1.850000E-06,+3.228640750051E+00,+3.200743883848E+00
-1.847500E-06,+3.228640750051E+00,+3.281145893037E+00
-1.845000E-06,+3.228640750051E+00,+3.200743883848E+00
-1.842500E-06,+3.228640750051E+00,+3.200743883848E+00
-1.840000E-06,+3.228640750051E+00,+3.200743883848E+00
-1.837500E-06,+3.228640750051E+00,+3.200743883848E+00
-1.835000E-06,+3.228640750051E+00,+3.120341874659E+00
-1.832500E-06,+3.148238740861E+00,+3.120341874659E+00
-1.830000E-06,+3.228640750049E+00,+2.477125801149E+00
-1.827500E-06,+3.228640750051E+00,+1.552502695474E+00
-1.825000E-06,+3.309042759240E+00,+869.085617366E-03
-1.822500E-06,+3.389444768429E+00,+386.673562229E-03
-1.820000E-06,+3.309042759240E+00,-336.944520471E-03
-1.817500E-06,+3.309042759240E+00,-919.859087093E-03
-1.815000E-06,+3.389444768429E+00,-1.181165616958E+00
-1.812500E-06,+3.248741252349E+00,-1.140964612365E+00
-1.810000E-06,+3.148238740861E+00,-1.301768630742E+00
-1.807500E-06,+3.148238740861E+00,-1.301768630743E+00
-1.805000E-06,+3.108037736268E+00,-1.060562603176E+00
-1.802500E-06,+2.907032713294E+00,-899.758584797E-03
-1.800000E-06,+2.826630704105E+00,-819.356575608E-03
-1.797500E-06,+2.907032713294E+00,-638.452054934E-03
-1.795000E-06,+2.947233717890E+00,-336.944520473E-03
-1.792500E-06,+2.806530201806E+00,-196.241004394E-03
-1.790000E-06,+2.987434722482E+00,-176.140502095E-03
-1.787500E-06,+3.228640750051E+00,+4.764018579E-03
-1.785000E-06,+3.067836731672E+00,+145.467534661E-03
-1.782500E-06,+3.148238740861E+00,+145.467534661E-03
-1.780000E-06,+3.469846777617E+00,+145.467534661E-03
-1.777500E-06,+3.469846777618E+00,+245.970046146E-03
-1.775000E-06,+3.389444768429E+00,+346.472557633E-03
-1.772500E-06,+3.389444768429E+00,+225.869543850E-03
-1.770000E-06,+3.550248786806E+00,+145.467534663E-03
-1.767500E-06,+3.449746275322E+00,+65.065525472E-03
-1.765000E-06,+3.228640750051E+00,-55.537488310E-03
-1.762500E-06,+3.309042759240E+00,-115.838995205E-03
-1.760000E-06,+3.148238740863E+00,-256.542511284E-03
-1.757500E-06,+3.047736229376E+00,-316.844018178E-03
-1.755000E-06,+2.947233717890E+00,-336.944520473E-03
-1.752500E-06,+2.987434722483E+00,-397.246027364E-03
-1.750000E-06,+2.987434722483E+00,-417.346529663E-03
-1.747500E-06,+2.907032713294E+00,-336.944520473E-03
-1.745000E-06,+2.987434722483E+00,-256.542511284E-03
-1.742500E-06,+3.067836731672E+00,-256.542511284E-03
-1.740000E-06,+3.148238740861E+00,-95.738492908E-03
-1.737500E-06,+3.148238740861E+00,-95.738492906E-03
-1.735000E-06,+3.188439745455E+00,-55.537488310E-03
-1.732500E-06,+3.228640750051E+00,-95.738492906E-03
-1.730000E-06,+3.228640750051E+00,-15.336483717E-03
-1.727500E-06,+3.228640750051E+00,-15.336483717E-03
-1.725000E-06,+3.268841754644E+00,-15.336483717E-03
-1.722500E-06,+3.228640750051E+00,-75.637990607E-03
-1.720000E-06,+3.148238740861E+00,-176.140502097E-03
-1.717500E-06,+3.087937233968E+00,-156.039999799E-03
-1.715000E-06,+3.188439745455E+00,-256.542511284E-03
-1.712500E-06,+3.148238740861E+00,-236.442008986E-03
-1.710000E-06,+3.148238740861E+00,-256.542511284E-03
-1.707500E-06,+3.148238740861E+00,-176.140502095E-03
-1.705000E-06,+3.188439745458E+00,-95.738492906E-03
-1.702500E-06,+3.228640750051E+00,-176.140502095E-03
-1.700000E-06,+3.228640750051E+00,-95.738492906E-03
-1.697500E-06,+3.228640750051E+00,-95.738492906E-03
-1.695000E-06,+3.309042759240E+00,-95.738492906E-03
-1.692500E-06,+3.309042759240E+00,-95.738492906E-03
-1.690000E-06,+3.228640750051E+00,-95.738492906E-03
-1.687500E-06,+3.288942256944E+00,-95.738492906E-03
-1.685000E-06,+3.228640750051E+00,-176.140502095E-03
-1.682500E-06,+3.168339243160E+00,-176.140502095E-03
-1.680000E-06,+3.148238740861E+00,-256.542511283E-03
-1.677500E-06,+3.148238740861E+00,-196.241004391E-03
-1.675000E-06,+3.108037736265E+00,-256.542511284E-03
-1.672500E-06,+3.148238740861E+00,-176.140502095E-03
-1.670000E-06,+3.148238740861E+00,-256.542511284E-03
-1.667500E-06,+3.148238740861E+00,-176.140502095E-03
-1.665000E-06,+3.188439745458E+00,-95.738492906E-03
-1.662500E-06,+3.228640750051E+00,-95.738492906E-03
-1.660000E-06,+3.228640750051E+00,-95.738492906E-03
-1.657500E-06,+3.228640750051E+00,-95.738492906E-03
-1.655000E-06,+3.309042759240E+00,-95.738492906E-03
-1.652500E-06,+3.309042759240E+00,-95.738492906E-03
-1.650000E-06,+3.228640750051E+00,-95.738492906E-03
-1.647500E-06,+3.228640750051E+00,-115.838995202E-03
-1.645000E-06,+3.228640750051E+00,-176.140502095E-03
-1.642500E-06,+3.208540247752E+00,-176.140502095E-03
-1.640000E-06,+3.148238740861E+00,-176.140502095E-03
-1.637500E-06,+3.168339243157E+00,-256.542511284E-03
-1.635000E-06,+3.148238740861E+00,-176.140502095E-03
-1.632500E-06,+3.148238740861E+00,-176.140502095E-03
-1.630000E-06,+3.148238740861E+00,+467.075571415E-03
-1.627500E-06,+3.067836731672E+00,+1.452000183983E+00
-1.625000E-06,+3.027635727079E+00,+2.075115755197E+00
-1.622500E-06,+3.047736229373E+00,+2.698231326414E+00
-1.620000E-06,+3.148238740861E+00,+3.361547902225E+00
-1.617500E-06,+3.007535224779E+00,+3.944462468846E+00
-1.615000E-06,+2.987434722483E+00,+4.245970003307E+00
-1.612500E-06,+3.148238740861E+00,+4.245970003307E+00
-1.610000E-06,+3.309042759240E+00,+4.326372012496E+00
-1.607500E-06,+3.148238740861E+00,+4.386673519390E+00
-1.605000E-06,+3.228640750051E+00,+4.044964980336E+00
-1.602500E-06,+3.469846777618E+00,+3.843959957361E+00
-1.600000E-06,+3.469846777618E+00,+3.763557948172E+00
-1.597500E-06,+3.389444768429E+00,+3.502251418309E+00
-1.595000E-06,+3.389444768429E+00,+3.240944888444E+00
-1.592500E-06,+3.469846777618E+00,+3.140442376958E+00
-1.590000E-06,+3.469846777618E+00,+3.039939865470E+00
-1.587500E-06,+3.228640750051E+00,+2.959537856281E+00
-1.585000E-06,+3.268841754643E+00,+2.838934842499E+00
-1.582500E-06,+3.228640750051E+00,+2.879135847092E+00
-1.580000E-06,+2.987434722485E+00,+2.879135847092E+00
-1.577500E-06,+2.987434722483E+00,+2.798733837903E+00
-1.575000E-06,+3.027635727076E+00,+2.758532833306E+00
-1.572500E-06,+2.987434722483E+00,+2.859035344793E+00
-1.570000E-06,+2.907032713294E+00,+2.879135847092E+00
-1.567500E-06,+2.907032713294E+00,+3.019839363174E+00
-1.565000E-06,+3.148238740861E+00,+3.039939865470E+00
-1.562500E-06,+3.067836731672E+00,+3.120341874659E+00
-1.560000E-06,+3.067836731672E+00,+3.281145893036E+00
-1.557500E-06,+3.309042759240E+00,+3.361547902226E+00
-1.555000E-06,+3.389444768429E+00,+3.321346897630E+00
-1.552500E-06,+3.329143261539E+00,+3.361547902226E+00
-1.550000E-06,+3.309042759240E+00,+3.441949911416E+00
-1.547500E-06,+3.389444768429E+00,+3.361547902226E+00
-1.545000E-06,+3.389444768429E+00,+3.321346897630E+00
-1.542500E-06,+3.228640750051E+00,+3.281145893037E+00
-1.540000E-06,+3.228640750051E+00,+3.281145893035E+00
-1.537500E-06,+3.148238740861E+00,+3.120341874659E+00
-1.535000E-06,+3.148238740861E+00,+3.039939865470E+00
-1.532500E-06,+3.007535224782E+00,+3.100241372360E+00
-1.530000E-06,+3.148238740860E+00,+3.039939865468E+00
-1.527500E-06,+3.148238740861E+00,+3.039939865470E+00
-1.525000E-06,+3.067836731672E+00,+3.039939865470E+00
-1.522500E-06,+3.067836731672E+00,+3.120341874659E+00
-1.520000E-06,+3.228640750051E+00,+3.039939865472E+00
-1.517500E-06,+3.228640750051E+00,+3.060040367765E+00
-1.515000E-06,+3.228640750051E+00,+3.200743883848E+00
-1.512500E-06,+3.228640750051E+00,+3.281145893037E+00
-1.510000E-06,+3.228640750051E+00,+3.200743883848E+00
-1.507500E-06,+3.228640750051E+00,+3.200743883848E+00
-1.505000E-06,+3.228640750051E+00,+3.200743883848E+00
-1.502500E-06,+3.228640750051E+00,+3.200743883848E+00
-1.500000E-06,+3.148238740861E+00,+3.120341874659E+00
-1.497500E-06,+3.087937233968E+00,+3.100241372364E+00
-1.495000E-06,+3.148238740861E+00,+3.120341874659E+00
-1.492500E-06,+3.087937233972E+00,+3.060040367769E+00
-1.490000E-06,+3.148238740859E+00,+3.120341874661E+00
-1.487500E-06,+3.148238740861E+00,+3.120341874659E+00
-1.485000E-06,+3.148238740861E+00,+3.120341874659E+00
-1.482500E-06,+3.208540247751E+00,+3.120341874659E+00
-1.480000E-06,+3.148238740863E+00,+3.200743883848E+00
-1.477500E-06,+3.168339243157E+00,+3.200743883848E+00
-1.475000E-06,+3.309042759240E+00,+3.160542879252E+00
-1.472500E-06,+3.228640750051E+00,+3.200743883848E+00
-1.470000E-06,+3.309042759238E+00,+3.200743883848E+00
-1.467500E-06,+3.228640750051E+00,+3.200743883848E+00
-1.465000E-06,+3.188439745458E+00,+3.200743883848E+00
-1.462500E-06,+3.228640750051E+00,+3.200743883848E+00
-1.460000E-06,+3.228640750051E+00,+3.120341874659E+00
-1.457500E-06,+3.148238740861E+00,+3.180643381553E+00
-1.455000E-06,+3.067836731672E+00,+3.120341874659E+00
-1.452500E-06,+3.148238740861E+00,+3.120341874659E+00
-1.450000E-06,+3.148238740861E+00,+3.120341874659E+00
-1.447500E-06,+3.148238740861E+00,+3.120341874659E+00
-1.445000E-06,+3.148238740861E+00,+3.120341874659E+00
-1.442500E-06,+3.148238740861E+00,+3.200743883848E+00
-1.440000E-06,+3.148238740863E+00,+3.200743883846E+00
-1.437500E-06,+3.228640750051E+00,+3.200743883848E+00
-1.435000E-06,+3.148238740861E+00,+3.120341874659E+00
-1.432500E-06,+3.208540247751E+00,+3.200743883848E+00
-1.430000E-06,+3.148238740863E+00,+3.200743883848E+00
-1.427500E-06,+3.228640750051E+00,+3.200743883848E+00
-1.425000E-06,+3.188439745458E+00,+3.200743883848E+00
-1.422500E-06,+3.228640750051E+00,+3.140442376958E+00
-1.420000E-06,+3.148238740861E+00,+3.200743883848E+00
-1.417500E-06,+3.148238740861E+00,+3.140442376954E+00
-1.415000E-06,+3.148238740861E+00,+3.120341874659E+00
-1.412500E-06,+3.228640750051E+00,+3.120341874659E+00
-1.410000E-06,+3.148238740861E+00,+3.200743883848E+00
-1.407500E-06,+3.148238740861E+00,+3.281145893037E+00
-1.405000E-06,+3.228640750051E+00,+3.160542879252E+00
-1.402500E-06,+3.228640750051E+00,+3.200743883848E+00
-1.400000E-06,+3.228640750051E+00,+3.200743883848E+00
-1.397500E-06,+3.148238740861E+00,+3.200743883848E+00
-1.395000E-06,+3.188439745454E+00,+3.200743883848E+00
-1.392500E-06,+3.228640750051E+00,+3.200743883848E+00
-1.390000E-06,+3.228640750051E+00,+3.120341874659E+00
-1.387500E-06,+3.148238740861E+00,+3.120341874659E+00
-1.385000E-06,+3.188439745458E+00,+3.120341874659E+00
-1.382500E-06,+3.087937233972E+00,+3.120341874659E+00
-1.380000E-06,+3.148238740861E+00,+3.120341874659E+00
-1.377500E-06,+3.148238740861E+00,+3.120341874659E+00
-1.375000E-06,+3.228640750051E+00,+3.160542879256E+00
-1.372500E-06,+3.148238740861E+00,+3.200743883848E+00
-1.370000E-06,+3.148238740864E+00,+3.120341874659E+00
-1.367500E-06,+3.228640750051E+00,+3.120341874659E+00
-1.365000E-06,+3.148238740861E+00,+3.200743883848E+00
-1.362500E-06,+3.168339243161E+00,+3.200743883848E+00
-1.360000E-06,+3.148238740861E+00,+3.200743883848E+00
-1.357500E-06,+3.228640750051E+00,+3.200743883848E+00
-1.355000E-06,+3.228640750051E+00,+3.200743883848E+00
-1.352500E-06,+3.228640750051E+00,+3.200743883848E+00
-1.350000E-06,+3.228640750051E+00,+3.120341874659E+00
-1.347500E-06,+3.168339243157E+00,+3.120341874659E+00
-1.345000E-06,+3.188439745454E+00,+3.120341874659E+00
-1.342500E-06,+3.148238740861E+00,+3.200743883848E+00
-1.340000E-06,+3.228640750048E+00,+3.120341874659E+00
-1.337500E-06,+3.148238740861E+00,+3.120341874659E+00
-1.335000E-06,+3.228640750051E+00,+3.120341874659E+00
-1.332500E-06,+3.148238740861E+00,+3.120341874659E+00
-1.330000E-06,+3.228640750051E+00,+3.120341874659E+00
-1.327500E-06,+3.148238740861E+00,+3.180643381553E+00
-1.325000E-06,+3.148238740861E+00,+3.080140870062E+00
-1.322500E-06,+3.148238740861E+00,+3.120341874659E+00
-1.320000E-06,+3.148238740861E+00,+3.120341874659E+00
-1.317500E-06,+3.087937233967E+00,+3.120341874659E+00
-1.315000E-06,+3.148238740861E+00,+3.160542879251E+00
-1.312500E-06,+3.148238740861E+00,+3.200743883848E+00
-1.310000E-06,+3.148238740861E+00,+3.200743883846E+00
-1.307500E-06,+3.148238740861E+00,+3.120341874659E+00
-1.305000E-06,+3.148238740861E+00,+3.120341874659E+00
-1.302500E-06,+3.148238740861E+00,+3.120341874659E+00
-1.300000E-06,+3.067836731675E+00,+3.120341874659E+00
-1.297500E-06,+3.148238740861E+00,+3.120341874659E+00
-1.295000E-06,+3.148238740861E+00,+3.160542879256E+00
-1.292500E-06,+3.148238740861E+00,+3.200743883848E+00
-1.290000E-06,+3.228640750051E+00,+3.200743883846E+00
-1.287500E-06,+3.208540247756E+00,+3.120341874659E+00
-1.285000E-06,+3.188439745454E+00,+3.120341874659E+00
-1.282500E-06,+3.148238740861E+00,+3.180643381549E+00
-1.280000E-06,+3.148238740864E+00,+3.200743883848E+00
-1.277500E-06,+3.228640750051E+00,+3.200743883848E+00
-1.275000E-06,+3.228640750051E+00,+3.160542879256E+00
-1.272500E-06,+3.148238740861E+00,+3.140442376959E+00
-1.270000E-06,+3.148238740864E+00,+3.200743883848E+00
-1.267500E-06,+3.228640750051E+00,+3.120341874659E+00
-1.265000E-06,+3.148238740861E+00,+3.200743883848E+00
-1.262500E-06,+3.148238740861E+00,+3.180643381549E+00
-1.260000E-06,+3.148238740861E+00,+3.120341874659E+00
-1.257500E-06,+3.228640750051E+00,+3.200743883848E+00
-1.255000E-06,+3.148238740861E+00,+3.120341874659E+00
-1.252500E-06,+3.228640750051E+00,+3.200743883848E+00
-1.250000E-06,+3.228640750051E+00,+3.200743883848E+00
-1.247500E-06,+3.148238740861E+00,+3.120341874659E+00
-1.245000E-06,+3.228640750051E+00,+3.200743883848E+00
-1.242500E-06,+3.228640750051E+00,+3.120341874659E+00
-1.240000E-06,+3.148238740864E+00,+3.120341874659E+00
-1.237500E-06,+3.148238740861E+00,+3.200743883848E+00
-1.235000E-06,+3.148238740861E+00,+3.120341874659E+00
-1.232500E-06,+3.228640750051E+00,+3.120341874659E+00
-1.230000E-06,+3.228640750051E+00,+3.120341874659E+00
-1.227500E-06,+3.148238740861E+00,+3.200743883848E+00
-1.225000E-06,+3.148238740861E+00,+3.200743883848E+00
-1.222500E-06,+3.148238740861E+00,+3.120341874659E+00
-1.220000E-06,+3.228640750051E+00,+3.120341874659E+00
-1.217500E-06,+3.148238740861E+00,+3.120341874659E+00
-1.215000E-06,+3.228640750051E+00,+3.120341874659E+00
-1.212500E-06,+3.288942256940E+00,+3.039939865470E+00
-1.210000E-06,+3.228640750051E+00,+3.120341874659E+00
-1.207500E-06,+3.148238740861E+00,+3.120341874659E+00
-1.205000E-06,+3.188439745453E+00,+3.160542879256E+00
-1.202500E-06,+3.228640750051E+00,+3.120341874659E+00
-1.200000E-06,+3.228640750051E+00,+3.120341874657E+00
-1.197500E-06,+3.168339243156E+00,+3.120341874659E+00
-1.195000E-06,+3.228640750051E+00,+3.160542879251E+00
-1.192500E-06,+3.208540247751E+00,+3.120341874659E+00
-1.190000E-06,+3.148238740861E+00,+3.200743883846E+00
-1.187500E-06,+3.148238740861E+00,+3.120341874659E+00
-1.185000E-06,+3.228640750051E+00,+3.120341874659E+00
-1.182500E-06,+3.148238740861E+00,+3.120341874659E+00
-1.180000E-06,+3.148238740861E+00,+3.200743883848E+00
-1.177500E-06,+3.148238740861E+00,+3.200743883848E+00
-1.175000E-06,+3.228640750051E+00,+3.120341874659E+00
-1.172500E-06,+3.148238740861E+00,+3.120341874659E+00
-1.170000E-06,+3.148238740861E+00,+3.120341874662E+00
-1.167500E-06,+3.228640750051E+00,+3.120341874659E+00
-1.165000E-06,+3.148238740861E+00,+3.120341874659E+00
-1.162500E-06,+3.148238740861E+00,+3.120341874659E+00
-1.160000E-06,+3.148238740861E+00,+3.120341874659E+00
-1.157500E-06,+3.228640750051E+00,+3.120341874659E+00
-1.155000E-06,+3.228640750051E+00,+3.200743883848E+00
-1.152500E-06,+3.148238740861E+00,+3.200743883848E+00
-1.150000E-06,+3.228640750048E+00,+3.120341874659E+00
-1.147500E-06,+3.228640750051E+00,+3.120341874659E+00
-1.145000E-06,+3.228640750051E+00,+3.200743883848E+00
-1.142500E-06,+3.168339243161E+00,+3.200743883848E+00
-1.140000E-06,+3.148238740861E+00,+3.200743883848E+00
-1.137500E-06,+3.228640750051E+00,+3.120341874659E+00
-1.135000E-06,+3.228640750051E+00,+3.120341874659E+00
-1.132500E-06,+3.228640750051E+00,+3.120341874659E+00
-1.130000E-06,+3.228640750051E+00,+3.120341874659E+00
-1.127500E-06,+3.228640750051E+00,+3.120341874659E+00
-1.125000E-06,+3.228640750051E+00,+3.160542879256E+00
-1.122500E-06,+3.228640750051E+00,+3.200743883848E+00
-1.120000E-06,+3.148238740864E+00,+3.120341874659E+00
-1.117500E-06,+3.228640750051E+00,+3.140442376954E+00
-1.115000E-06,+3.228640750051E+00,+3.120341874659E+00
-1.112500E-06,+3.228640750051E+00,+3.120341874659E+00
-1.110000E-06,+3.148238740861E+00,+3.120341874662E+00
-1.107500E-06,+3.228640750051E+00,+3.120341874659E+00
-1.105000E-06,+3.148238740861E+00,+3.120341874659E+00
-1.102500E-06,+3.148238740861E+00,+3.120341874659E+00
-1.100000E-06,+3.228640750051E+00,+3.120341874659E+00
-1.097500E-06,+3.148238740861E+00,+3.120341874659E+00
-1.095000E-06,+3.228640750051E+00,+3.120341874659E+00
-1.092500E-06,+3.168339243161E+00,+3.120341874659E+00
-1.090000E-06,+3.228640750048E+00,+3.200743883848E+00
-1.087500E-06,+3.148238740861E+00,+3.180643381554E+00
-1.085000E-06,+3.228640750051E+00,+3.120341874659E+00
-1.082500E-06,+3.228640750051E+00,+3.120341874659E+00
-1.080000E-06,+3.228640750051E+00,+3.120341874662E+00
-1.077500E-06,+3.228640750051E+00,+3.200743883848E+00
-1.075000E-06,+3.188439745453E+00,+3.120341874659E+00
-1.072500E-06,+3.228640750051E+00,+3.200743883848E+00
-1.070000E-06,+3.228640750051E+00,+3.120341874659E+00
-1.067500E-06,+3.228640750051E+00,+3.180643381554E+00
-1.065000E-06,+3.188439745459E+00,+3.200743883848E+00
-1.062500E-06,+3.228640750051E+00,+3.120341874659E+00
-1.060000E-06,+3.228640750051E+00,+3.120341874659E+00
-1.057500E-06,+3.228640750051E+00,+3.120341874659E+00
-1.055000E-06,+3.188439745453E+00,+3.120341874659E+00
-1.052500E-06,+3.228640750051E+00,+3.120341874659E+00
-1.050000E-06,+3.228640750051E+00,+3.120341874662E+00
-1.047500E-06,+3.228640750051E+00,+3.180643381554E+00
-1.045000E-06,+3.228640750051E+00,+3.120341874659E+00
-1.042500E-06,+3.228640750051E+00,+3.200743883848E+00
-1.040000E-06,+3.228640750051E+00,+3.120341874659E+00
-1.037500E-06,+3.148238740861E+00,+3.120341874659E+00
-1.035000E-06,+3.228640750051E+00,+3.160542879251E+00
-1.032500E-06,+3.148238740861E+00,+3.200743883848E+00
-1.030000E-06,+3.148238740861E+00,+3.200743883848E+00
-1.027500E-06,+3.228640750051E+00,+3.180643381554E+00
-1.025000E-06,+3.228640750051E+00,+3.200743883848E+00
-1.022500E-06,+3.148238740861E+00,+3.180643381548E+00
-1.020000E-06,+3.148238740864E+00,+3.200743883848E+00
-1.017500E-06,+3.168339243156E+00,+3.120341874659E+00
-1.015000E-06,+3.228640750051E+00,+3.200743883848E+00
-1.012500E-06,+3.228640750051E+00,+3.120341874659E+00
-1.010000E-06,+3.228640750051E+00,+3.120341874662E+00
-1.007500E-06,+3.208540247756E+00,+3.120341874659E+00
-1.005000E-06,+3.148238740861E+00,+3.120341874659E+00
-1.002500E-06,+3.228640750051E+00,+3.140442376959E+00
-1.000000E-06,+3.228640750051E+00,+3.200743883845E+00
-997.500E-09,+3.148238740861E+00,+3.200743883848E+00
-995.000E-09,+3.228640750051E+00,+3.160542879257E+00
-992.500E-09,+3.228640750051E+00,+3.100241372359E+00
-990.000E-09,+3.228640750051E+00,+3.200743883848E+00
-987.500E-09,+3.148238740861E+00,+3.120341874659E+00
-985.000E-09,+3.228640750051E+00,+3.120341874659E+00
-982.500E-09,+3.228640750051E+00,+3.120341874659E+00
-980.000E-09,+3.148238740864E+00,+3.200743883848E+00
-977.500E-09,+3.148238740861E+00,+3.140442376953E+00
-975.000E-09,+3.188439745459E+00,+3.200743883848E+00
-972.500E-09,+3.148238740861E+00,+3.120341874659E+00
-970.000E-09,+3.228640750051E+00,+3.200743883848E+00
-967.500E-09,+3.148238740861E+00,+3.200743883848E+00
-965.000E-09,+3.228640750051E+00,+3.160542879251E+00
-962.500E-09,+3.168339243162E+00,+3.200743883848E+00
-960.000E-09,+3.148238740864E+00,+3.200743883848E+00
-957.500E-09,+3.148238740861E+00,+3.120341874659E+00
-955.000E-09,+3.188439745453E+00,+3.120341874659E+00
-952.500E-09,+3.228640750051E+00,+3.060040367770E+00
-950.000E-09,+3.228640750051E+00,+3.120341874659E+00
-947.500E-09,+3.168339243156E+00,+3.060040367764E+00
-945.000E-09,+3.188439745453E+00,+3.120341874659E+00
-942.500E-09,+3.168339243162E+00,+3.120341874659E+00
-940.000E-09,+3.148238740861E+00,+3.120341874659E+00
-937.500E-09,+3.309042759240E+00,+3.120341874659E+00
-935.000E-09,+3.228640750051E+00,+3.039939865470E+00
-932.500E-09,+3.168339243162E+00,+3.120341874659E+00
-930.000E-09,+3.228640750051E+00,+3.120341874659E+00
-927.500E-09,+3.148238740861E+00,+3.140442376953E+00
-925.000E-09,+3.228640750051E+00,+3.120341874659E+00
-922.500E-09,+3.148238740861E+00,+3.100241372359E+00
-920.000E-09,+3.148238740861E+00,+3.120341874659E+00
-917.500E-09,+3.148238740861E+00,+3.120341874659E+00
-915.000E-09,+3.188439745459E+00,+3.120341874659E+00
-912.500E-09,+3.168339243162E+00,+3.120341874659E+00
-910.000E-09,+3.148238740861E+00,+3.120341874659E+00
-907.500E-09,+3.208540247756E+00,+3.200743883848E+00
-905.000E-09,+3.188439745459E+00,+3.120341874659E+00
-902.500E-09,+3.168339243162E+00,+3.200743883848E+00
-900.000E-09,+3.228640750051E+00,+3.120341874659E+00
-897.500E-09,+3.148238740861E+00,+3.120341874659E+00
-895.000E-09,+3.148238740861E+00,+3.120341874659E+00
-892.500E-09,+3.148238740861E+00,+3.120341874659E+00
-890.000E-09,+3.228640750051E+00,+3.120341874656E+00
-887.500E-09,+3.148238740861E+00,+3.120341874659E+00
-885.000E-09,+3.188439745459E+00,+3.200743883848E+00
-882.500E-09,+3.228640750051E+00,+3.120341874659E+00
-880.000E-09,+3.228640750051E+00,+3.120341874659E+00
-877.500E-09,+3.168339243156E+00,+3.180643381554E+00
-875.000E-09,+3.148238740861E+00,+3.160542879251E+00
-872.500E-09,+3.148238740861E+00,+3.200743883848E+00
-870.000E-09,+3.228640750051E+00,+3.120341874659E+00
-867.500E-09,+3.288942256946E+00,+3.120341874659E+00
-865.000E-09,+3.228640750051E+00,+3.200743883848E+00
-862.500E-09,+3.228640750051E+00,+3.140442376959E+00
-860.000E-09,+3.148238740861E+00,+3.200743883848E+00
-857.500E-09,+3.148238740861E+00,+3.120341874659E+00
-855.000E-09,+3.188439745453E+00,+3.120341874659E+00
-852.500E-09,+3.228640750051E+00,+3.120341874659E+00
-850.000E-09,+3.148238740861E+00,+3.200743883848E+00
-847.500E-09,+3.208540247756E+00,+3.200743883848E+00
-845.000E-09,+3.188439745459E+00,+3.120341874659E+00
-842.500E-09,+3.148238740861E+00,+3.200743883848E+00
-840.000E-09,+3.228640750051E+00,+3.200743883848E+00
-837.500E-09,+3.148238740861E+00,+3.200743883848E+00
-835.000E-09,+3.148238740861E+00,+3.160542879257E+00
-832.500E-09,+3.208540247750E+00,+3.120341874659E+00
-830.000E-09,+3.148238740861E+00,+3.200743883848E+00
-827.500E-09,+3.168339243155E+00,+3.200743883848E+00
-825.000E-09,+3.148238740861E+00,+3.120341874659E+00
-822.500E-09,+3.208540247750E+00,+3.120341874659E+00
-820.000E-09,+3.228640750051E+00,+3.200743883848E+00
-817.500E-09,+3.228640750051E+00,+3.200743883848E+00
-815.000E-09,+3.228640750051E+00,+3.200743883848E+00
-812.500E-09,+3.148238740861E+00,+3.120341874659E+00
-810.000E-09,+3.228640750047E+00,+3.120341874659E+00
-807.500E-09,+3.168339243155E+00,+3.140442376953E+00
-805.000E-09,+3.148238740861E+00,+3.120341874659E+00
-802.500E-09,+3.228640750051E+00,+3.120341874659E+00
-800.000E-09,+3.228640750051E+00,+3.200743883845E+00
-797.500E-09,+3.228640750051E+00,+3.120341874659E+00
-795.000E-09,+3.228640750051E+00,+3.120341874659E+00
-792.500E-09,+3.148238740861E+00,+3.200743883848E+00
-790.000E-09,+3.228640750051E+00,+3.120341874659E+00
-787.500E-09,+3.208540247757E+00,+3.200743883848E+00
-785.000E-09,+3.228640750051E+00,+3.160542879250E+00
-782.500E-09,+3.148238740861E+00,+3.120341874659E+00
-780.000E-09,+3.148238740861E+00,+3.200743883848E+00
-777.500E-09,+3.148238740861E+00,+3.140442376953E+00
-775.000E-09,+3.148238740861E+00,+3.120341874659E+00
-772.500E-09,+3.148238740861E+00,+3.120341874659E+00
-770.000E-09,+3.148238740861E+00,+3.120341874659E+00
-767.500E-09,+3.228640750051E+00,+3.120341874659E+00
-765.000E-09,+3.148238740861E+00,+3.120341874659E+00
-762.500E-09,+3.148238740861E+00,+3.140442376960E+00
-760.000E-09,+3.148238740861E+00,+3.120341874659E+00
-757.500E-09,+3.148238740861E+00,+3.120341874659E+00
-755.000E-09,+3.228640750051E+00,+3.120341874659E+00
-752.500E-09,+3.228640750051E+00,+3.120341874659E+00
-750.000E-09,+3.228640750051E+00,+3.120341874659E+00
-747.500E-09,+3.228640750051E+00,+3.120341874659E+00
-745.000E-09,+3.148238740861E+00,+3.120341874659E+00
-742.500E-09,+3.148238740861E+00,+3.200743883848E+00
-740.000E-09,+3.148238740861E+00,+3.120341874659E+00
-737.500E-09,+3.228640750051E+00,+3.180643381554E+00
-735.000E-09,+3.148238740861E+00,+3.200743883848E+00
-732.500E-09,+3.228640750051E+00,+3.200743883848E+00
-730.000E-09,+3.228640750047E+00,+3.120341874659E+00
-727.500E-09,+3.148238740861E+00,+3.140442376953E+00
-725.000E-09,+3.148238740861E+00,+3.120341874659E+00
-722.500E-09,+3.228640750051E+00,+3.200743883848E+00
-720.000E-09,+3.148238740861E+00,+3.200743883848E+00
-717.500E-09,+3.148238740861E+00,+3.120341874659E+00
-715.000E-09,+3.228640750051E+00,+3.120341874659E+00
-712.500E-09,+3.228640750051E+00,+3.120341874659E+00
-710.000E-09,+3.148238740861E+00,+3.200743883848E+00
-707.500E-09,+3.148238740861E+00,+3.120341874659E+00
-705.000E-09,+3.188439745453E+00,+3.200743883848E+00
-702.500E-09,+3.208540247750E+00,+3.140442376960E+00
-700.000E-09,+3.148238740861E+00,+3.200743883848E+00
-697.500E-09,+3.208540247757E+00,+3.120341874659E+00
-695.000E-09,+3.228640750051E+00,+3.120341874659E+00
-692.500E-09,+3.208540247750E+00,+3.120341874659E+00
-690.000E-09,+3.148238740861E+00,+3.120341874659E+00
-687.500E-09,+3.148238740861E+00,+3.140442376953E+00
-685.000E-09,+3.228640750051E+00,+3.120341874659E+00
-682.500E-09,+3.208540247750E+00,+3.200743883848E+00
-680.000E-09,+3.228640750051E+00,+3.120341874659E+00
-677.500E-09,+3.208540247757E+00,+3.120341874659E+00
-675.000E-09,+3.228640750051E+00,+3.160542879250E+00
-672.500E-09,+3.228640750051E+00,+3.120341874659E+00
-670.000E-09,+3.228640750047E+00,+3.200743883848E+00
-667.500E-09,+3.208540247757E+00,+3.180643381554E+00
-665.000E-09,+3.188439745459E+00,+3.160542879257E+00
-662.500E-09,+3.148238740861E+00,+3.120341874659E+00
-660.000E-09,+3.228640750051E+00,+3.281145893034E+00
-657.500E-09,+3.148238740861E+00,+3.180643381554E+00
-655.000E-09,+3.228640750051E+00,+3.200743883848E+00
-652.500E-09,+3.228640750051E+00,+3.200743883848E+00
-650.000E-09,+3.228640750051E+00,+3.200743883848E+00
-647.500E-09,+3.148238740861E+00,+3.200743883848E+00
-645.000E-09,+3.148238740861E+00,+3.120341874659E+00
-642.500E-09,+3.148238740861E+00,+3.140442376960E+00
-640.000E-09,+3.148238740861E+00,+3.281145893034E+00
-637.500E-09,+3.168339243155E+00,+3.200743883848E+00
-635.000E-09,+3.148238740861E+00,+3.200743883848E+00
-632.500E-09,+3.148238740861E+00,+3.200743883848E+00
-630.000E-09,+3.228640750047E+00,+3.200743883848E+00
-627.500E-09,+3.168339243155E+00,+3.200743883848E+00
-625.000E-09,+3.228640750051E+00,+3.120341874659E+00
-622.500E-09,+3.148238740861E+00,+3.120341874659E+00
-620.000E-09,+3.148238740865E+00,+3.200743883848E+00
-617.500E-09,+3.148238740861E+00,+3.200743883848E+00
-615.000E-09,+3.148238740861E+00,+3.120341874659E+00
-612.500E-09,+3.148238740861E+00,+3.120341874659E+00
-610.000E-09,+3.148238740861E+00,+3.200743883848E+00
-607.500E-09,+3.148238740861E+00,+3.200743883848E+00
-605.000E-09,+3.228640750051E+00,+3.200743883848E+00
-602.500E-09,+3.228640750051E+00,+3.200743883848E+00
-600.000E-09,+3.228640750051E+00,+3.200743883848E+00
-597.500E-09,+3.228640750051E+00,+3.200743883848E+00
-595.000E-09,+3.228640750051E+00,+3.200743883848E+00
-592.500E-09,+3.228640750051E+00,+3.200743883848E+00
-590.000E-09,+3.228640750047E+00,+3.120341874659E+00
-587.500E-09,+3.168339243155E+00,+3.120341874659E+00
-585.000E-09,+3.228640750051E+00,+3.120341874659E+00
-582.500E-09,+3.168339243162E+00,+3.140442376960E+00
-580.000E-09,+3.148238740861E+00,+3.120341874663E+00
-577.500E-09,+3.148238740861E+00,+3.120341874659E+00
-575.000E-09,+3.148238740861E+00,+3.160542879257E+00
-572.500E-09,+3.148238740861E+00,+3.180643381547E+00
-570.000E-09,+3.148238740865E+00,+3.200743883848E+00
-567.500E-09,+3.208540247757E+00,+3.180643381555E+00
-565.000E-09,+3.148238740861E+00,+3.160542879250E+00
-562.500E-09,+3.148238740861E+00,+3.200743883848E+00
-560.000E-09,+3.148238740861E+00,+3.200743883848E+00
-557.500E-09,+3.228640750051E+00,+3.140442376953E+00
-555.000E-09,+3.148238740861E+00,+3.120341874659E+00
-552.500E-09,+3.148238740861E+00,+3.200743883848E+00
-550.000E-09,+3.148238740861E+00,+3.120341874659E+00
-547.500E-09,+3.228640750051E+00,+3.200743883848E+00
-545.000E-09,+3.148238740861E+00,+3.200743883848E+00
-542.500E-09,+3.148238740861E+00,+3.120341874659E+00
-540.000E-09,+3.148238740865E+00,+3.200743883848E+00
-537.500E-09,+3.148238740861E+00,+3.120341874659E+00
-535.000E-09,+3.148238740861E+00,+3.160542879250E+00
-532.500E-09,+3.148238740861E+00,+3.180643381547E+00
-530.000E-09,+3.228640750051E+00,+3.200743883848E+00
-527.500E-09,+3.148238740861E+00,+3.200743883848E+00
-525.000E-09,+3.228640750051E+00,+3.200743883848E+00
-522.500E-09,+3.148238740861E+00,+3.120341874659E+00
-520.000E-09,+3.228640750051E+00,+3.120341874659E+00
-517.500E-09,+3.208540247757E+00,+3.120341874659E+00
-515.000E-09,+3.188439745452E+00,+3.160542879250E+00
-512.500E-09,+3.228640750051E+00,+3.180643381547E+00
-510.000E-09,+3.228640750051E+00,+3.200743883848E+00
-507.500E-09,+3.208540247757E+00,+3.120341874659E+00
-505.000E-09,+3.228640750051E+00,+3.160542879257E+00
-502.500E-09,+3.148238740861E+00,+3.120341874659E+00
-500.000E-09,+3.228640750051E+00,+3.200743883848E+00
-497.500E-09,+3.148238740861E+00,+3.120341874659E+00
-495.000E-09,+3.228640750051E+00,+3.200743883848E+00
-492.500E-09,+3.168339243163E+00,+3.120341874659E+00
-490.000E-09,+3.228640750051E+00,+3.120341874659E+00
-487.500E-09,+3.228640750051E+00,+3.120341874659E+00
-485.000E-09,+3.228640750051E+00,+3.160542879257E+00
-482.500E-09,+3.228640750051E+00,+3.120341874659E+00
-480.000E-09,+3.228640750051E+00,+3.120341874659E+00
-477.500E-09,+3.248741252344E+00,+3.200743883848E+00
-475.000E-09,+3.228640750051E+00,+3.160542879250E+00
-472.500E-09,+3.208540247749E+00,+3.200743883848E+00
-470.000E-09,+3.228640750054E+00,+3.120341874659E+00
-467.500E-09,+3.228640750051E+00,+3.200743883848E+00
-465.000E-09,+3.228640750051E+00,+3.120341874659E+00
-462.500E-09,+3.228640750051E+00,+3.180643381547E+00
-460.000E-09,+3.148238740865E+00,+3.200743883848E+00
-457.500E-09,+3.148238740861E+00,+3.120341874659E+00
-455.000E-09,+3.188439745452E+00,+3.120341874659E+00
-452.500E-09,+3.148238740861E+00,+3.200743883848E+00
-450.000E-09,+3.228640750051E+00,+3.120341874659E+00
-447.500E-09,+3.228640750051E+00,+3.200743883848E+00
-445.000E-09,+3.148238740861E+00,+3.120341874659E+00
-442.500E-09,+3.148238740861E+00,+3.180643381547E+00
-440.000E-09,+3.148238740865E+00,+3.200743883848E+00
-437.500E-09,+3.228640750051E+00,+3.200743883848E+00
-435.000E-09,+3.148238740861E+00,+3.200743883848E+00
-432.500E-09,+3.208540247749E+00,+3.120341874659E+00
-430.000E-09,+3.228640750051E+00,+3.120341874659E+00
-427.500E-09,+3.168339243155E+00,+3.200743883848E+00
-425.000E-09,+3.228640750051E+00,+3.160542879258E+00
-422.500E-09,+3.228640750051E+00,+3.120341874659E+00
-420.000E-09,+3.148238740865E+00,+3.200743883848E+00
-417.500E-09,+3.168339243155E+00,+3.120341874659E+00
-415.000E-09,+3.148238740861E+00,+3.120341874659E+00
-412.500E-09,+3.148238740861E+00,+3.120341874659E+00
-410.000E-09,+3.228640750047E+00,+3.200743883848E+00
-407.500E-09,+3.228640750051E+00,+3.120341874659E+00
-405.000E-09,+3.148238740861E+00,+3.120341874659E+00
-402.500E-09,+3.067836731672E+00,+3.120341874659E+00
-400.000E-09,+3.148238740861E+00,+3.200743883848E+00
-397.500E-09,+3.208540247757E+00,+3.120341874659E+00
-395.000E-09,+3.188439745452E+00,+3.120341874659E+00
-392.500E-09,+3.148238740861E+00,+3.140442376960E+00
-390.000E-09,+3.148238740861E+00,+3.120341874663E+00
-387.500E-09,+3.228640750051E+00,+3.200743883848E+00
-385.000E-09,+3.228640750051E+00,+3.120341874659E+00
-382.500E-09,+3.228640750051E+00,+3.180643381547E+00
-380.000E-09,+3.228640750051E+00,+3.200743883848E+00
-377.500E-09,+3.228640750051E+00,+3.120341874659E+00
-375.000E-09,+3.228640750051E+00,+3.160542879258E+00
-372.500E-09,+3.148238740861E+00,+3.120341874659E+00
-370.000E-09,+3.228640750046E+00,+3.120341874659E+00
-367.500E-09,+3.208540247757E+00,+3.120341874659E+00
-365.000E-09,+3.188439745460E+00,+3.120341874659E+00
-362.500E-09,+3.228640750051E+00,+3.120341874659E+00
-360.000E-09,+3.228640750051E+00,+3.120341874663E+00
-357.500E-09,+3.228640750051E+00,+3.120341874659E+00
-355.000E-09,+3.188439745460E+00,+3.160542879250E+00
-352.500E-09,+3.228640750051E+00,+3.200743883848E+00
-350.000E-09,+3.228640750051E+00,+3.200743883848E+00
-347.500E-09,+3.228640750051E+00,+3.120341874659E+00
-345.000E-09,+3.228640750051E+00,+3.200743883848E+00
-342.500E-09,+3.228640750051E+00,+3.200743883848E+00
-340.000E-09,+3.148238740861E+00,+3.120341874659E+00
-337.500E-09,+3.148238740861E+00,+3.120341874659E+00
-335.000E-09,+3.148238740861E+00,+3.200743883848E+00
-332.500E-09,+3.148238740861E+00,+3.200743883848E+00
-330.000E-09,+3.228640750046E+00,+3.200743883848E+00
-327.500E-09,+3.148238740861E+00,+3.180643381555E+00
-325.000E-09,+3.148238740861E+00,+3.120341874659E+00
-322.500E-09,+3.228640750051E+00,+3.140442376961E+00
-320.000E-09,+3.148238740866E+00,+3.200743883844E+00
-317.500E-09,+3.208540247757E+00,+3.140442376952E+00
-315.000E-09,+3.148238740861E+00,+3.200743883848E+00
-312.500E-09,+3.148238740861E+00,+3.120341874659E+00
-310.000E-09,+3.228640750051E+00,+3.200743883848E+00
-307.500E-09,+3.148238740861E+00,+3.120341874659E+00
-305.000E-09,+3.148238740861E+00,+3.120341874659E+00
-302.500E-09,+3.228640750051E+00,+3.200743883848E+00
-300.000E-09,+3.148238740861E+00,+3.120341874659E+00
-297.500E-09,+3.228640750051E+00,+3.120341874659E+00
-295.000E-09,+3.228640750051E+00,+3.120341874659E+00
-292.500E-09,+3.228640750051E+00,+3.120341874659E+00
-290.000E-09,+3.228640750051E+00,+3.120341874659E+00
-287.500E-09,+3.228640750051E+00,+3.120341874659E+00
-285.000E-09,+3.228640750051E+00,+3.120341874659E+00
-282.500E-09,+3.148238740861E+00,+3.120341874659E+00
-280.000E-09,+3.228640750046E+00,+3.120341874659E+00
-277.500E-09,+3.148238740861E+00,+3.120341874659E+00
-275.000E-09,+3.148238740861E+00,+3.160542879249E+00
-272.500E-09,+3.228640750051E+00,+3.140442376961E+00
-270.000E-09,+3.148238740861E+00,+3.200743883848E+00
-267.500E-09,+3.148238740861E+00,+3.200743883848E+00
-265.000E-09,+3.228640750051E+00,+3.200743883848E+00
-262.500E-09,+3.148238740861E+00,+3.200743883848E+00
-260.000E-09,+3.148238740861E+00,+3.120341874659E+00
-257.500E-09,+3.228640750051E+00,+3.120341874659E+00
-255.000E-09,+3.188439745452E+00,+3.200743883848E+00
-252.500E-09,+3.208540247749E+00,+3.200743883848E+00
-250.000E-09,+3.228640750051E+00,+3.200743883848E+00
-247.500E-09,+3.148238740861E+00,+3.200743883848E+00
-245.000E-09,+3.148238740861E+00,+3.200743883848E+00
-242.500E-09,+3.148238740861E+00,+3.200743883848E+00
-240.000E-09,+3.228640750051E+00,+3.120341874663E+00
-237.500E-09,+3.228640750051E+00,+3.120341874659E+00
-235.000E-09,+3.148238740861E+00,+3.160542879249E+00
-232.500E-09,+3.228640750051E+00,+3.120341874659E+00
-230.000E-09,+3.148238740866E+00,+3.200743883848E+00
-227.500E-09,+3.228640750051E+00,+3.120341874659E+00
-225.000E-09,+3.148238740861E+00,+3.120341874659E+00
-222.500E-09,+3.148238740861E+00,+3.200743883848E+00
-220.000E-09,+3.148238740861E+00,+3.200743883848E+00
-217.500E-09,+3.148238740861E+00,+3.200743883848E+00
-215.000E-09,+3.148238740861E+00,+3.160542879258E+00
-212.500E-09,+3.208540247749E+00,+3.200743883848E+00
-210.000E-09,+3.148238740861E+00,+3.200743883848E+00
-207.500E-09,+3.168339243154E+00,+3.200743883848E+00
-205.000E-09,+3.027635727082E+00,+3.200743883848E+00
-202.500E-09,+2.062811616817E+00,+3.200743883848E+00
-200.000E-09,+1.218590520331E+00,+3.281145893037E+00
-197.500E-09,+555.273944516E-03,+3.361547902226E+00
-195.000E-09,+52.761387084E-03,+3.361547902226E+00
-192.500E-09,-690.957197915E-03,+3.220844386150E+00
-190.000E-09,-1.032665736973E+00,+3.200743883848E+00
-187.500E-09,-1.133168248455E+00,+3.361547902226E+00
-185.000E-09,-1.153268750753E+00,+3.080140870069E+00
-182.500E-09,-1.273871764541E+00,+3.039939865470E+00
-180.000E-09,-1.113067746162E+00,+3.039939865470E+00
-177.500E-09,-771.359207113E-03,+2.959537856281E+00
-175.000E-09,-670.856695618E-03,+2.798733837903E+00
-172.500E-09,-550.253681839E-03,+2.879135847092E+00
-170.000E-09,-309.047654271E-03,+2.959537856276E+00
-167.500E-09,-67.841626704E-03,+2.879135847092E+00
-165.000E-09,+12.560382485E-03,+2.798733837903E+00
-162.500E-09,+72.861889373E-03,+2.959537856281E+00
-160.000E-09,+173.364400864E-03,+3.120341874655E+00
-157.500E-09,+173.364400864E-03,+3.120341874659E+00
-155.000E-09,+173.364400864E-03,+3.160542879249E+00
-152.500E-09,+173.364400864E-03,+3.361547902226E+00
-150.000E-09,+173.364400864E-03,+3.441949911416E+00
-147.500E-09,+153.263898571E-03,+3.381648404519E+00
-145.000E-09,+92.962391675E-03,+3.441949911416E+00
-142.500E-09,+12.560382485E-03,+3.522351920605E+00
-140.000E-09,-67.841626704E-03,+3.441949911416E+00
-137.500E-09,-67.841626704E-03,+3.281145893037E+00
-135.000E-09,-148.243635893E-03,+3.240944888447E+00
-132.500E-09,-228.645645082E-03,+3.200743883848E+00
-130.000E-09,-309.047654271E-03,+3.039939865470E+00
-127.500E-09,-389.449663460E-03,+2.959537856281E+00
-125.000E-09,-349.248658870E-03,+3.039939865470E+00
-122.500E-09,-389.449663460E-03,+2.959537856281E+00
-120.000E-09,-309.047654271E-03,+2.879135847092E+00
-117.500E-09,-228.645645082E-03,+2.979638358574E+00
-115.000E-09,-148.243635893E-03,+3.039939865470E+00
-112.500E-09,-67.841626704E-03,+3.120341874659E+00
-110.000E-09,-67.841626704E-03,+3.120341874659E+00
-107.500E-09,+12.560382485E-03,+3.140442376952E+00
-105.000E-09,-67.841626704E-03,+3.281145893037E+00
-102.500E-09,-7.540119816E-03,+3.200743883848E+00
-100.000E-09,-67.841626704E-03,+3.200743883848E+00
-97.500E-09,-67.841626704E-03,+3.281145893037E+00
-95.000E-09,-188.444640492E-03,+3.200743883848E+00
-92.500E-09,-148.243635893E-03,+3.120341874659E+00
-90.000E-09,-148.243635893E-03,+3.120341874655E+00
-87.500E-09,-148.243635893E-03,+3.120341874659E+00
-85.000E-09,-228.645645082E-03,+3.120341874659E+00
-82.500E-09,-228.645645082E-03,+3.019839363168E+00
-80.000E-09,-148.243635893E-03,+3.120341874659E+00
-77.500E-09,-67.841626704E-03,+3.120341874659E+00
-75.000E-09,-148.243635893E-03,+3.120341874659E+00
-72.500E-09,-67.841626704E-03,+3.200743883848E+00
-70.000E-09,-148.243635893E-03,+3.200743883848E+00
-67.500E-09,-148.243635893E-03,+3.200743883848E+00
-65.000E-09,-67.841626704E-03,+3.200743883848E+00
-62.500E-09,-148.243635893E-03,+3.200743883848E+00
-60.000E-09,-148.243635893E-03,+3.200743883848E+00
-57.500E-09,-208.545142789E-03,+3.200743883848E+00
-55.000E-09,-148.243635893E-03,+3.120341874659E+00
-52.500E-09,-228.645645082E-03,+3.100241372358E+00
-50.000E-09,-228.645645082E-03,+3.120341874659E+00
-47.500E-09,-228.645645082E-03,+3.060040367763E+00
-45.000E-09,-228.645645082E-03,+3.080140870060E+00
-42.500E-09,-228.645645082E-03,+3.120341874659E+00
-40.000E-09,-148.243635893E-03,+3.120341874659E+00
-37.500E-09,-148.243635893E-03,+3.120341874659E+00
-35.000E-09,-108.042631294E-03,+3.160542879249E+00
-32.500E-09,-67.841626704E-03,+3.120341874659E+00
-30.000E-09,+12.560382481E-03,+3.200743883848E+00
-27.500E-09,-67.841626704E-03,+3.200743883848E+00
-25.000E-09,-108.042631303E-03,+3.200743883848E+00
-22.500E-09,-148.243635893E-03,+3.039939865470E+00
-20.000E-09,-148.243635893E-03,+3.120341874659E+00
-17.500E-09,-148.243635893E-03,+3.100241372366E+00
-15.000E-09,-148.243635893E-03,+3.160542879249E+00
-12.500E-09,-148.243635893E-03,+3.140442376961E+00
-10.000E-09,-67.841626704E-03,+3.120341874659E+00
-7.500E-09,-67.841626704E-03,+3.140442376952E+00
-5.000E-09,+52.761387076E-03,+3.120341874659E+00
-2.500E-09,+1.037685999643E+00,+3.039939865470E+00
-0.0E+00,+1.781404584642E+00,+3.039939865470E+00
+2.500E-09,+2.525123169641E+00,+2.959537856281E+00
+5.000E-09,+3.027635727073E+00,+3.039939865470E+00
+7.500E-09,+3.751253809771E+00,+3.120341874659E+00
+10.000E-09,+4.193464860316E+00,+3.039939865470E+00
+12.500E-09,+4.253766367216E+00,+2.979638358574E+00
+15.000E-09,+4.273866869509E+00,+3.200743883848E+00
+17.500E-09,+4.354268878698E+00,+3.281145893037E+00
+20.000E-09,+4.193464860324E+00,+3.281145893037E+00
+22.500E-09,+3.932158330460E+00,+3.301246395330E+00
+25.000E-09,+3.711052805185E+00,+3.482150916014E+00
+27.500E-09,+3.570349289109E+00,+3.441949911416E+00
+30.000E-09,+3.309042759244E+00,+3.361547902231E+00
+32.500E-09,+3.128138238568E+00,+3.441949911416E+00
+35.000E-09,+3.067836731672E+00,+3.522351920605E+00
+37.500E-09,+2.987434722483E+00,+3.361547902226E+00
+40.000E-09,+2.907032713298E+00,+3.200743883848E+00
+42.500E-09,+2.826630704105E+00,+3.281145893037E+00
+45.000E-09,+2.826630704105E+00,+3.200743883848E+00
+47.500E-09,+2.907032713294E+00,+2.979638358582E+00
+50.000E-09,+2.907032713294E+00,+2.879135847096E+00
+52.500E-09,+2.907032713294E+00,+2.959537856281E+00
+55.000E-09,+2.987434722483E+00,+2.879135847092E+00
+57.500E-09,+2.987434722483E+00,+2.798733837903E+00
+60.000E-09,+3.067836731677E+00,+2.879135847092E+00
+62.500E-09,+3.148238740861E+00,+2.979638358574E+00
+65.000E-09,+3.188439745452E+00,+3.039939865470E+00
+67.500E-09,+3.228640750051E+00,+3.120341874659E+00
+70.000E-09,+3.389444768429E+00,+3.281145893033E+00
+72.500E-09,+3.389444768429E+00,+3.341447399933E+00
+75.000E-09,+3.389444768429E+00,+3.281145893037E+00
+77.500E-09,+3.309042759240E+00,+3.341447399925E+00
+80.000E-09,+3.389444768429E+00,+3.361547902226E+00
+82.500E-09,+3.228640750051E+00,+3.341447399933E+00
+85.000E-09,+3.228640750051E+00,+3.200743883848E+00
+87.500E-09,+3.148238740861E+00,+3.200743883848E+00
+90.000E-09,+3.067836731672E+00,+3.200743883848E+00
+92.500E-09,+3.007535224776E+00,+3.019839363177E+00
+95.000E-09,+3.067836731672E+00,+3.039939865470E+00
+97.500E-09,+3.067836731672E+00,+3.039939865470E+00
+100.000E-09,+3.067836731672E+00,+3.120341874659E+00
+102.500E-09,+3.067836731672E+00,+3.039939865470E+00
+105.000E-09,+3.067836731672E+00,+3.039939865470E+00
+107.500E-09,+3.148238740861E+00,+3.039939865470E+00
+110.000E-09,+3.148238740861E+00,+3.200743883848E+00
+112.500E-09,+3.228640750051E+00,+3.180643381555E+00
+115.000E-09,+3.228640750051E+00,+3.200743883848E+00
+117.500E-09,+3.228640750051E+00,+3.200743883848E+00
+120.000E-09,+3.228640750051E+00,+3.281145893033E+00
+122.500E-09,+3.168339243154E+00,+3.180643381555E+00
+125.000E-09,+3.228640750051E+00,+3.160542879249E+00
+127.500E-09,+3.148238740861E+00,+3.200743883848E+00
+130.000E-09,+3.148238740861E+00,+3.200743883848E+00
+132.500E-09,+3.067836731672E+00,+3.039939865470E+00
+135.000E-09,+3.148238740861E+00,+3.120341874659E+00
+137.500E-09,+3.067836731672E+00,+3.120341874659E+00
+140.000E-09,+3.148238740861E+00,+3.120341874659E+00
+142.500E-09,+3.067836731672E+00,+3.200743883848E+00
+145.000E-09,+3.148238740861E+00,+3.200743883848E+00
+147.500E-09,+3.148238740861E+00,+3.200743883848E+00
+150.000E-09,+3.309042759240E+00,+3.120341874659E+00
+152.500E-09,+3.288942256947E+00,+3.120341874659E+00
+155.000E-09,+3.228640750051E+00,+3.200743883848E+00
+157.500E-09,+3.228640750051E+00,+3.200743883848E+00
+160.000E-09,+3.228640750051E+00,+3.120341874659E+00
+162.500E-09,+3.228640750051E+00,+3.120341874659E+00
+165.000E-09,+3.148238740861E+00,+3.200743883848E+00
+167.500E-09,+3.208540247749E+00,+3.060040367771E+00
+170.000E-09,+3.228640750046E+00,+2.477125801155E+00
+172.500E-09,+3.208540247758E+00,+1.552502695480E+00
+175.000E-09,+3.309042759240E+00,+909.286621962E-03
+177.500E-09,+3.329143261541E+00,+326.372055341E-03
+180.000E-09,+3.309042759240E+00,-336.944520469E-03
+182.500E-09,+3.309042759240E+00,-839.457077901E-03
+185.000E-09,+3.309042759240E+00,-1.140964612365E+00
+187.500E-09,+3.168339243163E+00,-1.140964612365E+00
+190.000E-09,+3.148238740861E+00,-1.221366621550E+00
+192.500E-09,+3.208540247758E+00,-1.362070137639E+00
+195.000E-09,+3.067836731672E+00,-1.100763607774E+00
+197.500E-09,+2.907032713294E+00,-819.356575608E-03
+200.000E-09,+2.826630704105E+00,-738.954566419E-03
+202.500E-09,+2.967334220190E+00,-578.150548041E-03
+205.000E-09,+2.907032713294E+00,-296.743515883E-03
+207.500E-09,+2.766329197217E+00,-176.140502095E-03
+210.000E-09,+2.907032713294E+00,-95.738492906E-03
+212.500E-09,+3.148238740861E+00,-15.336483717E-03
+215.000E-09,+3.148238740861E+00,+145.467534661E-03
+217.500E-09,+3.148238740861E+00,+225.869543850E-03
+220.000E-09,+3.389444768425E+00,+145.467534661E-03
+222.500E-09,+3.469846777618E+00,+225.869543850E-03
+225.000E-09,+3.389444768429E+00,+306.271553040E-03
+227.500E-09,+3.469846777618E+00,+225.869543850E-03
+230.000E-09,+3.550248786807E+00,+65.065525472E-03
+232.500E-09,+3.469846777618E+00,+44.965023179E-03
+235.000E-09,+3.309042759240E+00,-15.336483717E-03
+237.500E-09,+3.309042759240E+00,-95.738492906E-03
+240.000E-09,+3.228640750055E+00,-256.542511284E-03
+242.500E-09,+3.067836731672E+00,-336.944520473E-03
+245.000E-09,+2.987434722483E+00,-336.944520473E-03
+247.500E-09,+2.987434722483E+00,-417.346529663E-03
+250.000E-09,+2.987434722483E+00,-417.346529663E-03
+252.500E-09,+2.987434722483E+00,-336.944520473E-03
+255.000E-09,+2.987434722483E+00,-336.944520473E-03
+257.500E-09,+3.087937233974E+00,-256.542511284E-03
+260.000E-09,+3.148238740866E+00,-256.542511284E-03
+262.500E-09,+3.228640750051E+00,-95.738492906E-03
+265.000E-09,+3.309042759240E+00,-15.336483717E-03
+267.500E-09,+3.369344266127E+00,+4.764018585E-03
+270.000E-09,+3.309042759240E+00,-15.336483717E-03
+272.500E-09,+3.288942256947E+00,-15.336483717E-03
+275.000E-09,+3.268841754649E+00,-15.336483717E-03
+277.500E-09,+3.228640750051E+00,-95.738492906E-03
+280.000E-09,+3.228640750051E+00,-176.140502095E-03
+282.500E-09,+3.148238740861E+00,-196.241004388E-03
+285.000E-09,+3.148238740861E+00,-216.341506694E-03
+287.500E-09,+3.148238740861E+00,-316.844018172E-03
+290.000E-09,+3.067836731672E+00,-256.542511284E-03
+292.500E-09,+3.228640750051E+00,-176.140502095E-03
+295.000E-09,+3.148238740861E+00,-216.341506694E-03
+297.500E-09,+3.148238740861E+00,-176.140502095E-03
+300.000E-09,+3.228640750051E+00,-95.738492910E-03
+302.500E-09,+3.288942256947E+00,-176.140502095E-03
+305.000E-09,+3.228640750051E+00,-55.537488307E-03
+307.500E-09,+3.208540247749E+00,-95.738492906E-03
+310.000E-09,+3.309042759235E+00,-95.738492906E-03
+312.500E-09,+3.228640750051E+00,-176.140502095E-03
+315.000E-09,+3.228640750051E+00,-176.140502095E-03
+317.500E-09,+3.148238740861E+00,-115.838995208E-03
+320.000E-09,+3.148238740861E+00,-176.140502095E-03
+322.500E-09,+3.087937233965E+00,-176.140502095E-03
+325.000E-09,+3.067836731672E+00,-176.140502095E-03
+327.500E-09,+3.148238740861E+00,-236.442008983E-03
+330.000E-09,+3.148238740861E+00,-176.140502100E-03
+332.500E-09,+3.128138238569E+00,-156.039999802E-03
+335.000E-09,+3.228640750051E+00,-176.140502095E-03
+337.500E-09,+3.228640750051E+00,-176.140502095E-03
+340.000E-09,+3.228640750051E+00,-95.738492906E-03
+342.500E-09,+3.228640750051E+00,-95.738492906E-03
+345.000E-09,+3.228640750051E+00,-95.738492906E-03
+347.500E-09,+3.228640750051E+00,-176.140502095E-03
+350.000E-09,+3.148238740861E+00,-176.140502095E-03
+352.500E-09,+3.148238740861E+00,-115.838995199E-03
+355.000E-09,+3.228640750051E+00,-135.939497505E-03
+357.500E-09,+3.148238740861E+00,-176.140502095E-03
+360.000E-09,+3.148238740861E+00,-176.140502095E-03
+362.500E-09,+3.148238740861E+00,-196.241004388E-03
+365.000E-09,+3.228640750051E+00,-176.140502095E-03
+367.500E-09,+3.228640750051E+00,-115.838995208E-03
+370.000E-09,+3.148238740861E+00,+467.075571409E-03
+372.500E-09,+3.067836731672E+00,+1.391698677084E+00
+375.000E-09,+3.027635727082E+00,+2.115316759790E+00
+377.500E-09,+2.987434722483E+00,+2.678130824110E+00
+380.000E-09,+3.148238740861E+00,+3.361547902218E+00
+382.500E-09,+3.148238740861E+00,+3.944462468843E+00
+385.000E-09,+2.987434722483E+00,+4.245970003307E+00
+387.500E-09,+3.228640750051E+00,+4.245970003307E+00
+390.000E-09,+3.309042759240E+00,+4.326372012491E+00
+392.500E-09,+3.228640750051E+00,+4.326372012496E+00
+395.000E-09,+3.228640750051E+00,+4.044964980339E+00
+397.500E-09,+3.449746275316E+00,+3.783658450474E+00
+400.000E-09,+3.469846777618E+00,+3.763557948172E+00
+402.500E-09,+3.389444768429E+00,+3.522351920605E+00
+405.000E-09,+3.389444768429E+00,+3.281145893037E+00
+407.500E-09,+3.550248786807E+00,+3.120341874659E+00
+410.000E-09,+3.389444768429E+00,+3.120341874659E+00
+412.500E-09,+3.228640750051E+00,+2.959537856281E+00
+415.000E-09,+3.228640750051E+00,+2.879135847092E+00
+417.500E-09,+3.228640750051E+00,+2.798733837903E+00
+420.000E-09,+3.067836731677E+00,+2.879135847092E+00
+422.500E-09,+2.927133215587E+00,+2.859035344799E+00
+425.000E-09,+3.027635727073E+00,+2.758532833303E+00
+427.500E-09,+3.007535224785E+00,+2.879135847092E+00
+430.000E-09,+2.907032713294E+00,+2.959537856281E+00
+432.500E-09,+2.987434722483E+00,+2.959537856281E+00
+435.000E-09,+3.067836731672E+00,+3.039939865470E+00
+437.500E-09,+3.067836731672E+00,+3.180643381546E+00
+440.000E-09,+3.148238740857E+00,+3.281145893037E+00
+442.500E-09,+3.148238740861E+00,+3.341447399934E+00
+445.000E-09,+3.349243763839E+00,+3.321346897627E+00
+447.500E-09,+3.228640750051E+00,+3.361547902226E+00
+450.000E-09,+3.389444768429E+00,+3.441949911416E+00
+452.500E-09,+3.389444768429E+00,+3.441949911416E+00
+455.000E-09,+3.389444768429E+00,+3.361547902226E+00
+457.500E-09,+3.228640750051E+00,+3.281145893037E+00
+460.000E-09,+3.228640750051E+00,+3.281145893037E+00
+462.500E-09,+3.208540247758E+00,+3.120341874659E+00
+465.000E-09,+3.148238740861E+00,+3.080140870069E+00
+467.500E-09,+3.067836731672E+00,+3.039939865470E+00
+470.000E-09,+3.067836731672E+00,+3.039939865470E+00
+472.500E-09,+3.148238740861E+00,+3.039939865470E+00
+475.000E-09,+3.067836731672E+00,+2.999738860871E+00
+477.500E-09,+3.067836731672E+00,+3.100241372357E+00
+480.000E-09,+3.148238740861E+00,+3.120341874659E+00
+482.500E-09,+3.248741252343E+00,+3.140442376952E+00
+485.000E-09,+3.228640750051E+00,+3.200743883848E+00
+487.500E-09,+3.288942256938E+00,+3.200743883848E+00
+490.000E-09,+3.309042759240E+00,+3.200743883848E+00
+492.500E-09,+3.228640750051E+00,+3.200743883848E+00
+495.000E-09,+3.228640750051E+00,+3.200743883848E+00
+497.500E-09,+3.228640750051E+00,+3.200743883848E+00
+500.000E-09,+3.148238740866E+00,+3.120341874664E+00
+502.500E-09,+3.148238740861E+00,+3.200743883848E+00
+505.000E-09,+3.148238740861E+00,+3.160542879249E+00
+507.500E-09,+3.087937233974E+00,+3.120341874659E+00
+510.000E-09,+3.148238740861E+00,+3.039939865475E+00
+512.500E-09,+3.148238740861E+00,+3.120341874659E+00
+515.000E-09,+3.148238740861E+00,+3.120341874659E+00
+517.500E-09,+3.148238740861E+00,+3.120341874659E+00
+520.000E-09,+3.228640750051E+00,+3.200743883848E+00
+522.500E-09,+3.228640750051E+00,+3.281145893037E+00
+525.000E-09,+3.309042759240E+00,+3.281145893037E+00
+527.500E-09,+3.288942256938E+00,+3.140442376961E+00
+530.000E-09,+3.228640750051E+00,+3.200743883848E+00
+532.500E-09,+3.228640750051E+00,+3.200743883848E+00
+535.000E-09,+3.188439745451E+00,+3.160542879249E+00
+537.500E-09,+3.148238740861E+00,+3.200743883848E+00
+540.000E-09,+3.148238740861E+00,+3.120341874659E+00
+542.500E-09,+3.148238740861E+00,+3.120341874659E+00
+545.000E-09,+3.067836731672E+00,+3.200743883848E+00
+547.500E-09,+3.087937233974E+00,+3.039939865470E+00
+550.000E-09,+3.148238740861E+00,+3.039939865470E+00
+552.500E-09,+3.148238740861E+00,+3.120341874659E+00
+555.000E-09,+3.148238740861E+00,+3.120341874659E+00
+557.500E-09,+3.148238740861E+00,+3.120341874659E+00
+560.000E-09,+3.228640750051E+00,+3.200743883848E+00
+562.500E-09,+3.228640750051E+00,+3.180643381556E+00
+565.000E-09,+3.228640750051E+00,+3.200743883848E+00
+567.500E-09,+3.228640750051E+00,+3.200743883848E+00
+570.000E-09,+3.148238740861E+00,+3.200743883848E+00
+572.500E-09,+3.228640750051E+00,+3.200743883848E+00
+575.000E-09,+3.108037736272E+00,+3.120341874659E+00
+577.500E-09,+3.148238740861E+00,+3.120341874659E+00
+580.000E-09,+3.148238740861E+00,+3.120341874659E+00
+582.500E-09,+3.148238740861E+00,+3.120341874659E+00
+585.000E-09,+3.067836731672E+00,+3.120341874659E+00
+587.500E-09,+3.208540247748E+00,+3.120341874659E+00
+590.000E-09,+3.228640750046E+00,+3.120341874659E+00
+592.500E-09,+3.148238740861E+00,+3.140442376951E+00
+595.000E-09,+3.268841754650E+00,+3.200743883848E+00
+597.500E-09,+3.288942256937E+00,+3.200743883848E+00
+600.000E-09,+3.148238740866E+00,+3.200743883848E+00
+602.500E-09,+3.168339243154E+00,+3.261045390745E+00
+605.000E-09,+3.228640750051E+00,+3.200743883848E+00
+607.500E-09,+3.228640750051E+00,+3.200743883848E+00
+610.000E-09,+3.228640750051E+00,+3.200743883848E+00
+612.500E-09,+3.148238740861E+00,+3.200743883848E+00
+615.000E-09,+3.188439745461E+00,+3.160542879259E+00
+617.500E-09,+3.168339243164E+00,+3.120341874659E+00
+620.000E-09,+3.148238740861E+00,+3.200743883848E+00
+622.500E-09,+3.228640750051E+00,+3.120341874659E+00
+625.000E-09,+3.148238740861E+00,+3.120341874659E+00
+627.500E-09,+3.148238740861E+00,+3.120341874659E+00
+630.000E-09,+3.148238740861E+00,+3.200743883843E+00
+632.500E-09,+3.228640750051E+00,+3.180643381556E+00
+635.000E-09,+3.228640750051E+00,+3.160542879249E+00
+637.500E-09,+3.148238740861E+00,+3.200743883848E+00
+640.000E-09,+3.148238740861E+00,+3.200743883848E+00
+642.500E-09,+3.228640750051E+00,+3.120341874659E+00
+645.000E-09,+3.148238740861E+00,+3.200743883848E+00
+647.500E-09,+3.148238740861E+00,+3.200743883848E+00
+650.000E-09,+3.148238740866E+00,+3.120341874659E+00
+652.500E-09,+3.148238740861E+00,+3.200743883848E+00
+655.000E-09,+3.148238740861E+00,+3.120341874659E+00
+657.500E-09,+3.228640750051E+00,+3.120341874659E+00
+660.000E-09,+3.148238740861E+00,+3.120341874659E+00
+662.500E-09,+3.228640750051E+00,+3.039939865470E+00
+665.000E-09,+3.228640750051E+00,+3.120341874659E+00
+667.500E-09,+3.168339243164E+00,+3.100241372357E+00
+670.000E-09,+3.228640750051E+00,+3.120341874659E+00
+672.500E-09,+3.148238740861E+00,+3.261045390745E+00
+675.000E-09,+3.228640750051E+00,+3.200743883848E+00
+677.500E-09,+3.228640750051E+00,+3.200743883848E+00
+680.000E-09,+3.228640750051E+00,+3.200743883848E+00
+682.500E-09,+3.228640750051E+00,+3.200743883848E+00
+685.000E-09,+3.228640750051E+00,+3.120341874659E+00
+687.500E-09,+3.228640750051E+00,+3.200743883848E+00
+690.000E-09,+3.148238740861E+00,+3.039939865470E+00
+692.500E-09,+3.148238740861E+00,+3.140442376951E+00
+695.000E-09,+3.228640750051E+00,+3.120341874659E+00
+697.500E-09,+3.148238740861E+00,+3.120341874659E+00
+700.000E-09,+3.148238740861E+00,+3.200743883848E+00
+702.500E-09,+3.148238740861E+00,+3.200743883848E+00
+705.000E-09,+3.108037736262E+00,+3.200743883848E+00
+707.500E-09,+3.228640750051E+00,+3.180643381546E+00
+710.000E-09,+3.228640750051E+00,+3.120341874659E+00
+712.500E-09,+3.228640750051E+00,+3.120341874659E+00
+715.000E-09,+3.188439745461E+00,+3.200743883848E+00
+717.500E-09,+3.148238740861E+00,+3.200743883848E+00
+720.000E-09,+3.148238740861E+00,+3.200743883848E+00
+722.500E-09,+3.148238740861E+00,+3.120341874659E+00
+725.000E-09,+3.148238740861E+00,+3.120341874659E+00
+727.500E-09,+3.148238740861E+00,+3.120341874659E+00
+730.000E-09,+3.148238740861E+00,+3.120341874659E+00
+732.500E-09,+3.148238740861E+00,+3.140442376951E+00
+735.000E-09,+3.148238740861E+00,+3.120341874659E+00
+737.500E-09,+3.228640750051E+00,+3.120341874659E+00
+740.000E-09,+3.228640750051E+00,+3.200743883848E+00
+742.500E-09,+3.148238740861E+00,+3.200743883848E+00
+745.000E-09,+3.188439745451E+00,+3.120341874659E+00
+747.500E-09,+3.208540247748E+00,+3.180643381546E+00
+750.000E-09,+3.148238740861E+00,+3.200743883848E+00
+752.500E-09,+3.168339243154E+00,+3.140442376951E+00
+755.000E-09,+3.228640750051E+00,+3.120341874659E+00
+757.500E-09,+3.228640750051E+00,+3.120341874659E+00
+760.000E-09,+3.148238740861E+00,+3.200743883843E+00
+762.500E-09,+3.148238740861E+00,+3.200743883848E+00
+765.000E-09,+3.228640750051E+00,+3.120341874659E+00
+767.500E-09,+3.148238740861E+00,+3.200743883848E+00
+770.000E-09,+3.148238740856E+00,+3.120341874659E+00
+772.500E-09,+3.148238740861E+00,+3.120341874659E+00
+775.000E-09,+3.108037736272E+00,+3.200743883848E+00
+777.500E-09,+3.148238740861E+00,+3.200743883848E+00
+780.000E-09,+3.148238740867E+00,+3.200743883848E+00
+782.500E-09,+3.148238740861E+00,+3.120341874659E+00
+785.000E-09,+3.188439745451E+00,+3.120341874659E+00
+787.500E-09,+3.228640750051E+00,+3.120341874659E+00
+790.000E-09,+3.148238740861E+00,+3.200743883843E+00
+792.500E-09,+3.228640750051E+00,+3.060040367762E+00
+795.000E-09,+3.188439745451E+00,+3.120341874659E+00
+797.500E-09,+3.148238740861E+00,+3.120341874659E+00
+800.000E-09,+3.148238740867E+00,+3.120341874664E+00
+802.500E-09,+3.228640750051E+00,+3.120341874659E+00
+805.000E-09,+3.228640750051E+00,+3.120341874659E+00
+807.500E-09,+3.148238740861E+00,+3.120341874659E+00
+810.000E-09,+3.148238740861E+00,+3.120341874659E+00
+812.500E-09,+3.228640750051E+00,+3.120341874659E+00
+815.000E-09,+3.148238740861E+00,+3.080140870059E+00
+817.500E-09,+3.228640750051E+00,+3.120341874659E+00
+820.000E-09,+3.067836731678E+00,+3.120341874664E+00
+822.500E-09,+3.148238740861E+00,+3.120341874659E+00
+825.000E-09,+3.188439745451E+00,+3.120341874659E+00
+827.500E-09,+3.228640750051E+00,+3.200743883848E+00
+830.000E-09,+3.228640750051E+00,+3.200743883848E+00
+832.500E-09,+3.208540247759E+00,+3.120341874659E+00
+835.000E-09,+3.228640750051E+00,+3.120341874659E+00
+837.500E-09,+3.168339243164E+00,+3.120341874659E+00
+840.000E-09,+3.148238740861E+00,+3.120341874659E+00
+842.500E-09,+3.148238740861E+00,+3.180643381556E+00
+845.000E-09,+3.148238740861E+00,+3.160542879248E+00
+847.500E-09,+3.148238740861E+00,+3.140442376962E+00
+850.000E-09,+3.228640750051E+00,+3.120341874659E+00
+852.500E-09,+3.148238740861E+00,+3.120341874659E+00
+855.000E-09,+3.148238740861E+00,+3.200743883848E+00
+857.500E-09,+3.228640750051E+00,+3.180643381546E+00
+860.000E-09,+3.148238740867E+00,+3.120341874659E+00
+862.500E-09,+3.148238740861E+00,+3.200743883848E+00
+865.000E-09,+3.188439745451E+00,+3.160542879259E+00
+867.500E-09,+3.148238740861E+00,+3.200743883848E+00
+870.000E-09,+3.148238740861E+00,+3.200743883848E+00
+872.500E-09,+3.228640750051E+00,+3.140442376951E+00
+875.000E-09,+3.148238740861E+00,+3.160542879248E+00
+877.500E-09,+3.168339243164E+00,+3.200743883848E+00
+880.000E-09,+3.228640750045E+00,+3.120341874659E+00
+882.500E-09,+3.228640750051E+00,+3.120341874659E+00
+885.000E-09,+3.228640750051E+00,+3.120341874659E+00
+887.500E-09,+3.228640750051E+00,+3.200743883848E+00
+890.000E-09,+3.228640750051E+00,+3.200743883848E+00
+892.500E-09,+3.248741252342E+00,+3.200743883848E+00
+895.000E-09,+3.228640750051E+00,+3.200743883848E+00
+897.500E-09,+3.148238740861E+00,+3.120341874659E+00
+900.000E-09,+3.148238740867E+00,+3.200743883848E+00
+902.500E-09,+3.168339243153E+00,+3.120341874659E+00
+905.000E-09,+3.228640750051E+00,+3.120341874659E+00
+907.500E-09,+3.228640750051E+00,+3.120341874659E+00
+910.000E-09,+3.148238740861E+00,+3.120341874665E+00
+912.500E-09,+3.208540247759E+00,+3.120341874659E+00
+915.000E-09,+3.148238740861E+00,+3.200743883848E+00
+917.500E-09,+3.208540247748E+00,+3.200743883848E+00
+920.000E-09,+3.228640750045E+00,+3.200743883848E+00
+922.500E-09,+3.208540247759E+00,+3.120341874659E+00
+925.000E-09,+3.228640750051E+00,+3.200743883848E+00
+927.500E-09,+3.228640750051E+00,+3.120341874659E+00
+930.000E-09,+3.148238740861E+00,+3.200743883848E+00
+932.500E-09,+3.148238740861E+00,+3.200743883848E+00
+935.000E-09,+3.148238740861E+00,+3.200743883848E+00
+937.500E-09,+3.208540247748E+00,+3.200743883848E+00
+940.000E-09,+3.148238740861E+00,+3.200743883848E+00
+942.500E-09,+3.148238740861E+00,+3.200743883848E+00
+945.000E-09,+3.148238740861E+00,+3.120341874659E+00
+947.500E-09,+3.228640750051E+00,+3.200743883848E+00
+950.000E-09,+3.228640750051E+00,+3.200743883848E+00
+952.500E-09,+3.168339243153E+00,+3.200743883848E+00
+955.000E-09,+3.228640750051E+00,+3.200743883848E+00
+957.500E-09,+3.168339243164E+00,+3.200743883848E+00
+960.000E-09,+3.148238740867E+00,+3.200743883843E+00
+962.500E-09,+3.228640750051E+00,+3.200743883848E+00
+965.000E-09,+3.228640750051E+00,+3.160542879259E+00
+967.500E-09,+3.228640750051E+00,+3.200743883848E+00
+970.000E-09,+3.228640750051E+00,+3.200743883848E+00
+972.500E-09,+3.228640750051E+00,+3.200743883848E+00
+975.000E-09,+3.228640750051E+00,+3.200743883848E+00
+977.500E-09,+3.228640750051E+00,+3.200743883848E+00
+980.000E-09,+3.148238740867E+00,+3.200743883848E+00
+982.500E-09,+3.228640750051E+00,+3.200743883848E+00
+985.000E-09,+3.148238740861E+00,+3.200743883848E+00
+987.500E-09,+3.148238740861E+00,+3.200743883848E+00
+990.000E-09,+3.148238740861E+00,+3.200743883848E+00
+992.500E-09,+3.208540247759E+00,+3.120341874659E+00
+995.000E-09,+3.188439745462E+00,+3.120341874659E+00
+997.500E-09,+3.168339243164E+00,+3.120341874659E+00
+1.000000E-06,+3.228640750045E+00,+3.120341874659E+00
+1.002500E-06,+3.228640750051E+00,+3.120341874659E+00
+1.005000E-06,+3.148238740861E+00,+3.200743883848E+00
+1.007500E-06,+3.228640750051E+00,+3.180643381545E+00
+1.010000E-06,+3.148238740861E+00,+3.120341874665E+00
+1.012500E-06,+3.208540247759E+00,+3.200743883848E+00
+1.015000E-06,+3.148238740861E+00,+3.120341874659E+00
+1.017500E-06,+3.148238740861E+00,+3.140442376962E+00
+1.020000E-06,+3.228640750051E+00,+3.120341874659E+00
+1.022500E-06,+3.228640750051E+00,+3.120341874659E+00
+1.025000E-06,+3.148238740861E+00,+3.200743883848E+00
+1.027500E-06,+3.208540247748E+00,+3.120341874659E+00
+1.030000E-06,+3.148238740861E+00,+3.200743883848E+00
+1.032500E-06,+3.228640750051E+00,+3.100241372367E+00
+1.035000E-06,+3.148238740861E+00,+3.200743883848E+00
+1.037500E-06,+3.148238740861E+00,+3.200743883848E+00
+1.040000E-06,+3.148238740861E+00,+3.200743883842E+00
+1.042500E-06,+3.148238740861E+00,+3.140442376951E+00
+1.045000E-06,+3.148238740861E+00,+3.240944888437E+00
+1.047500E-06,+3.228640750051E+00,+3.120341874659E+00
+1.050000E-06,+3.148238740861E+00,+3.200743883848E+00
+1.052500E-06,+3.228640750051E+00,+3.200743883848E+00
+1.055000E-06,+3.188439745462E+00,+3.120341874659E+00
+1.057500E-06,+3.228640750051E+00,+3.120341874659E+00
+1.060000E-06,+3.228640750045E+00,+3.120341874665E+00
+1.062500E-06,+3.228640750051E+00,+3.200743883848E+00
+1.065000E-06,+3.188439745450E+00,+3.200743883848E+00
+1.067500E-06,+3.228640750051E+00,+3.120341874659E+00
+1.070000E-06,+3.148238740867E+00,+3.120341874659E+00
+1.072500E-06,+3.228640750051E+00,+3.120341874659E+00
+1.075000E-06,+3.228640750051E+00,+3.120341874659E+00
+1.077500E-06,+3.148238740861E+00,+3.120341874659E+00
+1.080000E-06,+3.228640750051E+00,+3.120341874659E+00
+1.082500E-06,+3.148238740861E+00,+3.120341874659E+00
+1.085000E-06,+3.228640750051E+00,+3.120341874659E+00
+1.087500E-06,+3.148238740861E+00,+3.120341874659E+00
+1.090000E-06,+3.228640750051E+00,+3.039939865470E+00
+1.092500E-06,+3.148238740861E+00,+3.120341874659E+00
+1.095000E-06,+3.148238740861E+00,+3.200743883848E+00
+1.097500E-06,+3.148238740861E+00,+3.120341874659E+00
+1.100000E-06,+3.148238740861E+00,+3.120341874659E+00
+1.102500E-06,+3.148238740861E+00,+3.120341874659E+00
+1.105000E-06,+3.148238740861E+00,+3.160542879259E+00
+1.107500E-06,+3.148238740861E+00,+3.200743883848E+00
+1.110000E-06,+3.228640750051E+00,+3.120341874659E+00
+1.112500E-06,+3.148238740861E+00,+3.120341874659E+00
+1.115000E-06,+3.148238740861E+00,+3.120341874659E+00
+1.117500E-06,+3.148238740861E+00,+3.180643381545E+00
+1.120000E-06,+3.148238740861E+00,+3.120341874659E+00
+1.122500E-06,+3.148238740861E+00,+3.120341874659E+00
+1.125000E-06,+3.148238740861E+00,+3.120341874659E+00
+1.127500E-06,+3.148238740861E+00,+3.120341874659E+00
+1.130000E-06,+3.148238740861E+00,+3.200743883848E+00
+1.132500E-06,+3.148238740861E+00,+3.180643381557E+00
+1.135000E-06,+3.148238740861E+00,+3.200743883848E+00
+1.137500E-06,+3.148238740861E+00,+3.120341874659E+00
+1.140000E-06,+3.148238740861E+00,+3.120341874659E+00
+1.142500E-06,+3.148238740861E+00,+3.200743883848E+00
+1.145000E-06,+3.148238740861E+00,+3.120341874659E+00
+1.147500E-06,+3.208540247747E+00,+3.200743883848E+00
+1.150000E-06,+3.148238740861E+00,+3.200743883848E+00
+1.152500E-06,+3.148238740861E+00,+3.200743883848E+00
+1.155000E-06,+3.228640750051E+00,+3.120341874659E+00
+1.157500E-06,+3.148238740861E+00,+3.140442376962E+00
+1.160000E-06,+3.148238740861E+00,+3.120341874659E+00
+1.162500E-06,+3.148238740861E+00,+3.200743883848E+00
+1.165000E-06,+3.228640750051E+00,+3.200743883848E+00
+1.167500E-06,+3.208540247747E+00,+3.120341874659E+00
+1.170000E-06,+3.148238740867E+00,+3.120341874659E+00
+1.172500E-06,+3.148238740861E+00,+3.140442376950E+00
+1.175000E-06,+3.188439745450E+00,+3.240944888437E+00
+1.177500E-06,+3.168339243165E+00,+3.200743883848E+00
+1.180000E-06,+3.148238740861E+00,+3.200743883848E+00
+1.182500E-06,+3.228640750051E+00,+3.120341874659E+00
+1.185000E-06,+3.148238740861E+00,+3.160542879260E+00
+1.187500E-06,+3.148238740861E+00,+3.180643381545E+00
+1.190000E-06,+3.148238740861E+00,+3.200743883848E+00
+1.192500E-06,+3.228640750051E+00,+3.180643381557E+00
+1.195000E-06,+3.148238740861E+00,+3.200743883848E+00
+1.197500E-06,+3.148238740861E+00,+3.200743883848E+00
+1.200000E-06,+3.148238740867E+00,+3.200743883848E+00
+1.202500E-06,+3.228640750051E+00,+3.120341874659E+00
+1.205000E-06,+3.188439745462E+00,+3.120341874659E+00
+1.207500E-06,+3.148238740861E+00,+3.200743883848E+00
+1.210000E-06,+3.148238740861E+00,+3.200743883848E+00
+1.212500E-06,+3.208540247759E+00,+3.120341874659E+00
+1.215000E-06,+3.228640750051E+00,+3.120341874659E+00
+1.217500E-06,+3.148238740861E+00,+3.140442376962E+00
+1.220000E-06,+3.148238740861E+00,+3.200743883842E+00
+1.222500E-06,+3.148238740861E+00,+3.200743883848E+00
+1.225000E-06,+3.148238740861E+00,+3.120341874659E+00
+1.227500E-06,+3.148238740861E+00,+3.120341874659E+00
+1.230000E-06,+3.148238740855E+00,+3.120341874659E+00
+1.232500E-06,+3.148238740861E+00,+3.140442376950E+00
+1.235000E-06,+3.188439745462E+00,+3.160542879247E+00
+1.237500E-06,+3.148238740861E+00,+3.140442376962E+00
+1.240000E-06,+3.228640750051E+00,+3.200743883848E+00
+1.242500E-06,+3.168339243153E+00,+3.120341874659E+00
+1.245000E-06,+3.148238740861E+00,+3.200743883848E+00
+1.247500E-06,+3.228640750051E+00,+3.200743883848E+00
+1.250000E-06,+3.148238740861E+00,+3.200743883848E+00
+1.252500E-06,+3.148238740861E+00,+3.200743883848E+00
+1.255000E-06,+3.148238740861E+00,+3.200743883848E+00
+1.257500E-06,+3.148238740861E+00,+3.120341874659E+00
+1.260000E-06,+3.148238740861E+00,+3.120341874659E+00
+1.262500E-06,+3.148238740861E+00,+3.200743883848E+00
+1.265000E-06,+3.228640750051E+00,+3.200743883848E+00
+1.267500E-06,+3.148238740861E+00,+3.200743883848E+00
+1.270000E-06,+3.228640750051E+00,+3.200743883848E+00
+1.272500E-06,+3.228640750051E+00,+3.120341874659E+00
+1.275000E-06,+3.148238740861E+00,+3.200743883848E+00
+1.277500E-06,+3.228640750051E+00,+3.120341874659E+00
+1.280000E-06,+3.148238740861E+00,+3.120341874665E+00
+1.282500E-06,+3.148238740861E+00,+3.120341874659E+00
+1.285000E-06,+3.188439745462E+00,+3.120341874659E+00
+1.287500E-06,+3.208540247747E+00,+3.200743883848E+00
+1.290000E-06,+3.228640750051E+00,+3.200743883842E+00
+1.292500E-06,+3.208540247759E+00,+3.200743883848E+00
+1.295000E-06,+3.148238740861E+00,+3.160542879247E+00
+1.297500E-06,+3.228640750051E+00,+3.140442376962E+00
+1.300000E-06,+3.148238740861E+00,+3.120341874665E+00
+1.302500E-06,+3.228640750051E+00,+3.220844386139E+00
+1.305000E-06,+3.228640750051E+00,+3.200743883848E+00
+1.307500E-06,+3.228640750051E+00,+3.200743883848E+00
+1.310000E-06,+3.228640750051E+00,+3.200743883848E+00
+1.312500E-06,+3.228640750051E+00,+3.200743883848E+00
+1.315000E-06,+3.148238740861E+00,+3.200743883848E+00
+1.317500E-06,+3.087937233976E+00,+3.200743883848E+00
+1.320000E-06,+3.228640750051E+00,+3.120341874665E+00
+1.322500E-06,+3.228640750051E+00,+3.180643381557E+00
+1.325000E-06,+3.148238740861E+00,+3.160542879260E+00
+1.327500E-06,+3.228640750051E+00,+3.120341874659E+00
+1.330000E-06,+3.148238740861E+00,+3.120341874659E+00
+1.332500E-06,+3.148238740861E+00,+3.200743883848E+00
+1.335000E-06,+3.148238740861E+00,+3.200743883848E+00
+1.337500E-06,+3.228640750051E+00,+3.180643381545E+00
+1.340000E-06,+3.228640750051E+00,+3.120341874659E+00
+1.342500E-06,+3.208540247760E+00,+3.200743883848E+00
+1.345000E-06,+3.188439745450E+00,+3.200743883848E+00
+1.347500E-06,+3.288942256936E+00,+3.200743883848E+00
+1.350000E-06,+3.228640750051E+00,+3.120341874659E+00
+1.352500E-06,+3.148238740861E+00,+3.200743883848E+00
+1.355000E-06,+3.228640750051E+00,+3.120341874659E+00
+1.357500E-06,+3.148238740861E+00,+3.120341874659E+00
+1.360000E-06,+3.228640750051E+00,+3.120341874659E+00
+1.362500E-06,+3.148238740861E+00,+3.120341874659E+00
+1.365000E-06,+3.148238740861E+00,+3.120341874659E+00
+1.367500E-06,+3.228640750051E+00,+3.120341874659E+00
+1.370000E-06,+3.148238740855E+00,+3.120341874659E+00
+1.372500E-06,+3.148238740861E+00,+3.140442376950E+00
+1.375000E-06,+3.228640750051E+00,+3.120341874659E+00
+1.377500E-06,+3.228640750051E+00,+3.140442376963E+00
+1.380000E-06,+3.148238740868E+00,+3.200743883855E+00
+1.382500E-06,+3.148238740861E+00,+3.200743883848E+00
+1.385000E-06,+3.188439745462E+00,+3.120341874659E+00
+1.387500E-06,+3.208540247747E+00,+3.120341874659E+00
+1.390000E-06,+3.148238740861E+00,+3.200743883848E+00
+1.392500E-06,+3.168339243152E+00,+3.120341874659E+00
+1.395000E-06,+3.188439745462E+00,+3.120341874659E+00
+1.397500E-06,+3.168339243165E+00,+3.140442376963E+00
+1.400000E-06,+3.228640750051E+00,+3.200743883848E+00
+1.402500E-06,+3.168339243152E+00,+3.200743883848E+00
+1.405000E-06,+3.188439745450E+00,+3.200743883848E+00
+1.407500E-06,+3.228640750051E+00,+3.200743883848E+00
+1.410000E-06,+3.148238740868E+00,+3.200743883848E+00
+1.412500E-06,+3.208540247760E+00,+3.200743883848E+00
+1.415000E-06,+3.228640750051E+00,+3.120341874659E+00
+1.417500E-06,+3.148238740861E+00,+3.120341874659E+00
+1.420000E-06,+3.228640750044E+00,+3.120341874659E+00
+1.422500E-06,+3.228640750051E+00,+3.060040367761E+00
+1.425000E-06,+3.108037736260E+00,+3.160542879260E+00
+1.427500E-06,+3.148238740861E+00,+3.120341874659E+00
+1.430000E-06,+3.228640750051E+00,+3.120341874659E+00
+1.432500E-06,+3.228640750051E+00,+3.120341874659E+00
+1.435000E-06,+3.228640750051E+00,+3.160542879247E+00
+1.437500E-06,+3.148238740861E+00,+3.120341874659E+00
+1.440000E-06,+3.228640750051E+00,+3.120341874659E+00
+1.442500E-06,+3.228640750051E+00,+3.120341874659E+00
+1.445000E-06,+3.188439745450E+00,+3.120341874659E+00
+1.447500E-06,+3.148238740861E+00,+3.120341874659E+00
+1.450000E-06,+3.228640750051E+00,+3.200743883842E+00
+1.452500E-06,+3.208540247760E+00,+3.140442376950E+00
+1.455000E-06,+3.228640750051E+00,+3.200743883848E+00
+1.457500E-06,+3.148238740861E+00,+3.200743883848E+00
+1.460000E-06,+3.148238740861E+00,+3.200743883848E+00
+1.462500E-06,+3.228640750051E+00,+3.200743883848E+00
+1.465000E-06,+3.148238740861E+00,+3.120341874659E+00
+1.467500E-06,+3.228640750051E+00,+3.200743883848E+00
+1.470000E-06,+3.228640750051E+00,+3.200743883848E+00
+1.472500E-06,+3.067836731672E+00,+3.200743883848E+00
+1.475000E-06,+3.148238740861E+00,+3.200743883848E+00
+1.477500E-06,+3.148238740861E+00,+3.120341874659E+00
+1.480000E-06,+3.148238740861E+00,+3.120341874659E+00
+1.482500E-06,+3.148238740861E+00,+3.120341874659E+00
+1.485000E-06,+3.148238740861E+00,+3.160542879247E+00
+1.487500E-06,+3.148238740861E+00,+3.120341874659E+00
+1.490000E-06,+3.228640750051E+00,+3.120341874652E+00
+1.492500E-06,+3.228640750051E+00,+3.120341874659E+00
+1.495000E-06,+3.228640750051E+00,+3.120341874659E+00
+1.497500E-06,+3.228640750051E+00,+3.120341874659E+00
+1.500000E-06,+3.228640750051E+00,+3.120341874659E+00
+1.502500E-06,+3.228640750051E+00,+3.200743883848E+00
+1.505000E-06,+3.228640750051E+00,+3.120341874659E+00
+1.507500E-06,+3.208540247747E+00,+3.200743883848E+00
+1.510000E-06,+3.148238740861E+00,+3.200743883848E+00
+1.512500E-06,+3.228640750051E+00,+3.120341874659E+00
+1.515000E-06,+3.148238740861E+00,+3.200743883848E+00
+1.517500E-06,+3.228640750051E+00,+3.200743883848E+00
+1.520000E-06,+3.228640750051E+00,+3.200743883848E+00
+1.522500E-06,+3.168339243152E+00,+3.120341874659E+00
+1.525000E-06,+3.148238740861E+00,+3.200743883848E+00
+1.527500E-06,+3.148238740861E+00,+3.200743883848E+00
+1.530000E-06,+3.148238740861E+00,+3.200743883848E+00
+1.532500E-06,+3.228640750051E+00,+3.200743883848E+00
+1.535000E-06,+3.148238740861E+00,+3.200743883848E+00
+1.537500E-06,+3.087937233976E+00,+3.140442376963E+00
+1.540000E-06,+3.228640750051E+00,+3.200743883848E+00
+1.542500E-06,+3.228640750051E+00,+3.200743883848E+00
+1.545000E-06,+3.148238740861E+00,+3.200743883848E+00
+1.547500E-06,+3.228640750051E+00,+3.200743883848E+00
+1.550000E-06,+3.228640750051E+00,+3.120341874666E+00
+1.552500E-06,+3.208540247760E+00,+3.120341874659E+00
+1.555000E-06,+3.148238740861E+00,+3.120341874659E+00
+1.557500E-06,+3.148238740861E+00,+3.180643381544E+00
+1.560000E-06,+3.148238740861E+00,+3.039939865470E+00
+1.562500E-06,+3.148238740861E+00,+3.140442376950E+00
+1.565000E-06,+3.148238740861E+00,+3.160542879247E+00
+1.567500E-06,+3.148238740861E+00,+3.180643381544E+00
+1.570000E-06,+3.228640750044E+00,+3.120341874659E+00
+1.572500E-06,+3.228640750051E+00,+3.200743883848E+00
+1.575000E-06,+3.148238740861E+00,+3.120341874659E+00
+1.577500E-06,+3.228640750051E+00,+3.120341874659E+00
+1.580000E-06,+3.228640750051E+00,+3.120341874659E+00
+1.582500E-06,+3.228640750051E+00,+3.120341874659E+00
+1.585000E-06,+3.148238740861E+00,+3.120341874659E+00
+1.587500E-06,+3.148238740861E+00,+3.120341874659E+00
+1.590000E-06,+3.228640750051E+00,+3.200743883848E+00
+1.592500E-06,+3.208540247760E+00,+3.200743883848E+00
+1.595000E-06,+3.228640750051E+00,+3.200743883848E+00
+1.597500E-06,+3.228640750051E+00,+3.140442376963E+00
+1.600000E-06,+3.148238740868E+00,+3.120341874659E+00
+1.602500E-06,+3.148238740861E+00,+3.120341874659E+00
+1.605000E-06,+3.148238740861E+00,+3.039939865470E+00
+1.607500E-06,+3.148238740861E+00,+3.120341874659E+00
+1.610000E-06,+3.228640750044E+00,+3.200743883841E+00
+1.612500E-06,+3.228640750051E+00,+3.120341874659E+00
+1.615000E-06,+3.228640750051E+00,+3.120341874659E+00
+1.617500E-06,+3.228640750051E+00,+3.140442376963E+00
+1.620000E-06,+3.228640750051E+00,+3.200743883841E+00
+1.622500E-06,+3.228640750051E+00,+3.120341874659E+00
+1.625000E-06,+3.148238740861E+00,+3.120341874659E+00
+1.627500E-06,+3.148238740861E+00,+3.120341874659E+00
+1.630000E-06,+3.148238740861E+00,+3.200743883848E+00
+1.632500E-06,+3.208540247760E+00,+3.120341874659E+00
+1.635000E-06,+3.148238740861E+00,+3.120341874659E+00
+1.637500E-06,+3.148238740861E+00,+3.120341874659E+00
+1.640000E-06,+3.148238740861E+00,+3.200743883848E+00
+1.642500E-06,+3.148238740861E+00,+3.200743883848E+00
+1.645000E-06,+3.148238740861E+00,+3.160542879261E+00
+1.647500E-06,+3.148238740861E+00,+3.120341874659E+00
+1.650000E-06,+3.067836731672E+00,+3.120341874659E+00
+1.652500E-06,+3.148238740861E+00,+3.180643381558E+00
+1.655000E-06,+3.148238740861E+00,+3.200743883848E+00
+1.657500E-06,+3.148238740861E+00,+3.120341874659E+00
+1.660000E-06,+3.148238740861E+00,+3.120341874659E+00
+1.662500E-06,+3.148238740861E+00,+3.120341874659E+00
+1.665000E-06,+3.148238740861E+00,+3.200743883848E+00
+1.667500E-06,+3.148238740861E+00,+3.180643381544E+00
+1.670000E-06,+3.228640750051E+00,+3.120341874659E+00
+1.672500E-06,+3.208540247760E+00,+3.200743883848E+00
+1.675000E-06,+3.228640750051E+00,+3.200743883848E+00
+1.677500E-06,+3.168339243166E+00,+3.120341874659E+00
+1.680000E-06,+3.228640750051E+00,+3.120341874659E+00
+1.682500E-06,+3.228640750051E+00,+3.120341874659E+00
+1.685000E-06,+3.188439745449E+00,+3.200743883848E+00
+1.687500E-06,+3.148238740861E+00,+3.200743883848E+00
+1.690000E-06,+3.148238740868E+00,+3.120341874666E+00
+1.692500E-06,+3.148238740861E+00,+3.120341874659E+00
+1.695000E-06,+3.228640750051E+00,+3.160542879247E+00
+1.697500E-06,+3.067836731672E+00,+3.200743883848E+00
+1.700000E-06,+3.228640750044E+00,+3.200743883848E+00
+1.702500E-06,+3.228640750051E+00,+3.140442376949E+00
+1.705000E-06,+3.228640750051E+00,+3.120341874659E+00
+1.707500E-06,+3.228640750051E+00,+3.120341874659E+00
+1.710000E-06,+3.148238740861E+00,+3.120341874659E+00
+1.712500E-06,+3.168339243152E+00,+3.140442376949E+00
+1.715000E-06,+3.188439745449E+00,+3.120341874659E+00
+1.717500E-06,+3.148238740861E+00,+3.120341874659E+00
+1.720000E-06,+3.228640750051E+00,+3.120341874666E+00
+1.722500E-06,+3.148238740861E+00,+3.200743883848E+00
+1.725000E-06,+3.228640750051E+00,+3.200743883848E+00
+1.727500E-06,+3.148238740861E+00,+3.200743883848E+00
+1.730000E-06,+3.148238740861E+00,+3.120341874659E+00
+1.732500E-06,+3.228640750051E+00,+3.180643381558E+00
+1.735000E-06,+3.148238740861E+00,+3.120341874659E+00
+1.737500E-06,+3.148238740861E+00,+3.120341874659E+00
+1.740000E-06,+3.228640750051E+00,+3.120341874659E+00
+1.742500E-06,+3.168339243152E+00,+3.120341874659E+00
+1.745000E-06,+3.228640750051E+00,+3.120341874659E+00
+1.747500E-06,+3.148238740861E+00,+3.120341874659E+00
+1.750000E-06,+3.228640750044E+00,+3.200743883848E+00
+1.752500E-06,+3.228640750051E+00,+3.180643381558E+00
+1.755000E-06,+3.148238740861E+00,+3.200743883848E+00
+1.757500E-06,+3.168339243166E+00,+3.200743883848E+00
+1.760000E-06,+3.228640750051E+00,+3.120341874659E+00
+1.762500E-06,+3.228640750051E+00,+3.120341874659E+00
+1.765000E-06,+3.188439745463E+00,+3.080140870057E+00
+1.767500E-06,+3.148238740861E+00,+3.200743883848E+00
+1.770000E-06,+3.148238740861E+00,+3.120341874659E+00
+1.772500E-06,+3.208540247760E+00,+3.140442376949E+00
+1.775000E-06,+3.188439745449E+00,+3.120341874659E+00
+1.777500E-06,+3.148238740861E+00,+3.120341874659E+00
+1.780000E-06,+3.148238740861E+00,+3.120341874659E+00
+1.782500E-06,+3.228640750051E+00,+3.140442376949E+00
+1.785000E-06,+3.228640750051E+00,+3.160542879246E+00
+1.787500E-06,+3.228640750051E+00,+3.200743883848E+00
+1.790000E-06,+3.228640750051E+00,+3.200743883848E+00
+1.792500E-06,+3.228640750051E+00,+3.200743883848E+00
+1.795000E-06,+3.027635727085E+00,+3.120341874659E+00
+1.797500E-06,+2.002510109938E+00,+3.200743883848E+00
+1.800000E-06,+1.218590520337E+00,+3.281145893037E+00
+1.802500E-06,+635.675953708E-03,+3.361547902226E+00
+1.805000E-06,+52.761387087E-03,+3.361547902226E+00
+1.807500E-06,-690.957197912E-03,+3.200743883848E+00
+1.810000E-06,-1.113067746155E+00,+3.361547902219E+00
+1.812500E-06,-1.193469755352E+00,+3.341447399936E+00
+1.815000E-06,-1.193469755352E+00,+3.120341874659E+00
+1.817500E-06,-1.334173271425E+00,+3.039939865470E+00
+1.820000E-06,-1.113067746162E+00,+3.120341874659E+00
+1.822500E-06,-791.459709406E-03,+3.019839363180E+00
+1.825000E-06,-711.057700217E-03,+2.879135847092E+00
+1.827500E-06,-550.253681839E-03,+2.879135847092E+00
+1.830000E-06,-309.047654271E-03,+2.879135847092E+00
+1.832500E-06,-148.243635893E-03,+2.879135847092E+00
+1.835000E-06,-67.841626704E-03,+2.798733837903E+00
+1.837500E-06,+12.560382485E-03,+3.019839363165E+00
+1.840000E-06,+92.962391675E-03,+3.120341874659E+00
+1.842500E-06,+173.364400864E-03,+3.120341874659E+00
+1.845000E-06,+213.565405451E-03,+3.160542879246E+00
+1.847500E-06,+173.364400864E-03,+3.421849409111E+00
+1.850000E-06,+173.364400864E-03,+3.441949911416E+00
+1.852500E-06,+173.364400864E-03,+3.361547902226E+00
+1.855000E-06,+12.560382485E-03,+3.441949911416E+00
+1.857500E-06,+12.560382485E-03,+3.441949911416E+00
+1.860000E-06,-67.841626696E-03,+3.361547902234E+00
+1.862500E-06,-148.243635893E-03,+3.281145893037E+00
+1.865000E-06,-148.243635893E-03,+3.281145893037E+00
+1.867500E-06,-228.645645082E-03,+3.220844386153E+00
+1.870000E-06,-309.047654271E-03,+3.120341874659E+00
+1.872500E-06,-248.746147372E-03,+2.959537856281E+00
+1.875000E-06,-309.047654271E-03,+2.999738860868E+00
+1.877500E-06,-309.047654271E-03,+2.979638358585E+00
+1.880000E-06,-228.645645089E-03,+2.959537856281E+00
+1.882500E-06,-228.645645082E-03,+2.959537856281E+00
+1.885000E-06,-148.243635893E-03,+3.160542879261E+00
+1.887500E-06,-148.243635893E-03,+3.039939865470E+00
+1.890000E-06,+12.560382478E-03,+3.120341874659E+00
+1.892500E-06,+12.560382485E-03,+3.281145893037E+00
+1.895000E-06,-27.640622102E-03,+3.240944888435E+00
+1.897500E-06,-67.841626704E-03,+3.281145893037E+00
+1.900000E-06,+12.560382485E-03,+3.200743883848E+00
+1.902500E-06,-67.841626704E-03,+3.281145893037E+00
+1.905000E-06,-148.243635893E-03,+3.240944888450E+00
+1.907500E-06,-148.243635893E-03,+3.180643381544E+00
+1.910000E-06,-148.243635893E-03,+3.120341874659E+00
+1.912500E-06,-228.645645082E-03,+3.200743883848E+00
+1.915000E-06,-148.243635893E-03,+3.120341874659E+00
+1.917500E-06,-148.243635893E-03,+3.140442376964E+00
+1.920000E-06,-148.243635893E-03,+3.200743883841E+00
+1.922500E-06,-148.243635893E-03,+3.120341874659E+00
+1.925000E-06,-188.444640495E-03,+3.200743883848E+00
+1.927500E-06,-87.942129008E-03,+3.200743883848E+00
+1.930000E-06,-67.841626704E-03,+3.200743883848E+00
+1.932500E-06,-67.841626704E-03,+3.200743883848E+00
+1.935000E-06,-67.841626704E-03,+3.200743883848E+00
+1.937500E-06,-67.841626704E-03,+3.120341874659E+00
+1.940000E-06,-228.645645082E-03,+3.200743883848E+00
+1.942500E-06,-168.344138183E-03,+3.200743883848E+00
+1.945000E-06,-148.243635893E-03,+3.200743883848E+00
+1.947500E-06,-148.243635893E-03,+3.100241372354E+00
+1.950000E-06,-148.243635893E-03,+3.120341874659E+00
+1.952500E-06,-148.243635893E-03,+3.120341874659E+00
+1.955000E-06,-148.243635893E-03,+3.120341874659E+00
+1.957500E-06,-67.841626704E-03,+3.140442376964E+00
+1.960000E-06,-148.243635893E-03,+3.200743883848E+00
+1.962500E-06,-87.942128994E-03,+3.200743883848E+00
+1.965000E-06,-148.243635893E-03,+3.200743883848E+00
+1.967500E-06,-67.841626704E-03,+3.200743883848E+00
+1.970000E-06,-67.841626704E-03,+3.200743883856E+00
+1.972500E-06,-67.841626704E-03,+3.180643381559E+00
+1.975000E-06,-67.841626704E-03,+3.240944888450E+00
+1.977500E-06,-148.243635893E-03,+3.200743883848E+00
+1.980000E-06,-67.841626704E-03,+3.120341874659E+00
+1.982500E-06,-148.243635893E-03,+3.120341874659E+00
+1.985000E-06,-148.243635893E-03,+3.120341874659E+00
+1.987500E-06,-168.344138198E-03,+3.120341874659E+00
+1.990000E-06,-148.243635885E-03,+3.120341874659E+00
+1.992500E-06,-148.243635893E-03,+3.120341874659E+00
+1.995000E-06,-27.640622117E-03,+3.120341874659E+00
+1.997500E-06,+1.097987506523E+00,+3.060040367775E+00
+2.000000E-06,+1.861806593828E+00,+3.039939865470E+00
+2.002500E-06,+2.525123169638E+00,+2.959537856281E+00
+2.005000E-06,+3.027635727070E+00,+2.959537856281E+00
+2.007500E-06,+3.771354312070E+00,+3.039939865470E+00
+2.010000E-06,+4.113062851131E+00,+2.959537856281E+00
+2.012500E-06,+4.193464860320E+00,+2.959537856281E+00
+2.015000E-06,+4.273866869509E+00,+3.200743883848E+00
+2.017500E-06,+4.434670887887E+00,+3.200743883848E+00
+2.020000E-06,+4.113062851146E+00,+3.200743883848E+00
+2.022500E-06,+3.871856823564E+00,+3.281145893037E+00
+2.025000E-06,+3.751253809787E+00,+3.441949911416E+00
+2.027500E-06,+3.630650795996E+00,+3.361547902226E+00
+2.030000E-06,+3.309042759240E+00,+3.361547902226E+00
+2.032500E-06,+3.208540247761E+00,+3.441949911416E+00
+2.035000E-06,+3.067836731672E+00,+3.441949911416E+00
+2.037500E-06,+2.987434722483E+00,+3.301246395342E+00
+2.040000E-06,+2.907032713294E+00,+3.200743883848E+00
+2.042500E-06,+2.907032713294E+00,+3.200743883848E+00
+2.045000E-06,+2.907032713294E+00,+3.200743883848E+00
+2.047500E-06,+2.987434722483E+00,+2.959537856281E+00
+2.050000E-06,+2.907032713286E+00,+2.879135847092E+00
+2.052500E-06,+2.927133215584E+00,+2.899236349381E+00
+2.055000E-06,+3.067836731672E+00,+2.959537856281E+00
+2.057500E-06,+3.067836731672E+00,+2.879135847092E+00
+2.060000E-06,+3.148238740861E+00,+2.879135847092E+00
+2.062500E-06,+3.228640750051E+00,+3.039939865470E+00
+2.065000E-06,+3.268841754638E+00,+3.039939865470E+00
+2.067500E-06,+3.309042759240E+00,+3.039939865470E+00
+2.070000E-06,+3.389444768429E+00,+3.281145893030E+00
+2.072500E-06,+3.369344266139E+00,+3.281145893037E+00
+2.075000E-06,+3.309042759240E+00,+3.281145893037E+00
+2.077500E-06,+3.389444768429E+00,+3.281145893037E+00
+2.080000E-06,+3.228640750058E+00,+3.361547902226E+00
+2.082500E-06,+3.309042759240E+00,+3.301246395327E+00
+2.085000E-06,+3.228640750051E+00,+3.200743883848E+00
+2.087500E-06,+3.148238740861E+00,+3.281145893037E+00
+2.090000E-06,+3.067836731672E+00,+3.200743883848E+00
+2.092500E-06,+3.067836731672E+00,+3.120341874659E+00
+2.095000E-06,+3.067836731672E+00,+3.039939865470E+00
+2.097500E-06,+3.067836731672E+00,+3.100241372354E+00
+2.100000E-06,+3.067836731672E+00,+3.200743883848E+00
+2.102500E-06,+3.067836731672E+00,+3.120341874659E+00
+2.105000E-06,+3.188439745464E+00,+3.039939865470E+00
+2.107500E-06,+3.228640750051E+00,+3.120341874659E+00
+2.110000E-06,+3.228640750058E+00,+3.200743883848E+00
+2.112500E-06,+3.309042759240E+00,+3.120341874659E+00
+2.115000E-06,+3.309042759240E+00,+3.200743883848E+00
+2.117500E-06,+3.228640750051E+00,+3.200743883848E+00
+2.120000E-06,+3.228640750051E+00,+3.200743883848E+00
+2.122500E-06,+3.228640750051E+00,+3.120341874659E+00
+2.125000E-06,+3.228640750051E+00,+3.120341874659E+00
+2.127500E-06,+3.228640750051E+00,+3.120341874659E+00
+2.130000E-06,+3.148238740861E+00,+3.120341874659E+00
+2.132500E-06,+3.148238740861E+00,+3.120341874659E+00
+2.135000E-06,+3.148238740861E+00,+3.120341874659E+00
+2.137500E-06,+3.087937233977E+00,+3.120341874659E+00
+2.140000E-06,+3.148238740861E+00,+3.120341874659E+00
+2.142500E-06,+3.148238740861E+00,+3.100241372370E+00
+2.145000E-06,+3.148238740861E+00,+3.200743883848E+00
+2.147500E-06,+3.228640750051E+00,+3.200743883848E+00
+2.150000E-06,+3.228640750051E+00,+3.200743883840E+00
+2.152500E-06,+3.248741252340E+00,+3.200743883848E+00
+2.155000E-06,+3.228640750051E+00,+3.120341874659E+00
+2.157500E-06,+3.228640750051E+00,+3.200743883848E+00
+2.160000E-06,+3.228640750051E+00,+3.200743883848E+00
+2.162500E-06,+3.148238740861E+00,+3.120341874659E+00
+2.165000E-06,+3.228640750051E+00,+3.120341874659E+00
+2.167500E-06,+3.148238740861E+00,+3.060040367775E+00
+2.170000E-06,+3.148238740861E+00,+2.396723791973E+00
+2.172500E-06,+3.309042759240E+00,+1.492201188587E+00
+2.175000E-06,+3.389444768429E+00,+869.085617379E-03
+2.177500E-06,+3.389444768429E+00,+245.970046156E-03
+2.180000E-06,+3.309042759240E+00,-336.944520466E-03
+2.182500E-06,+3.309042759240E+00,-919.859087087E-03
+2.185000E-06,+3.429645773015E+00,-1.140964612365E+00
+2.187500E-06,+3.228640750051E+00,-1.140964612365E+00
+2.190000E-06,+3.148238740861E+00,-1.301768630743E+00
+2.192500E-06,+3.228640750051E+00,-1.382170639932E+00
+2.195000E-06,+3.108037736275E+00,-1.100763607778E+00
+2.197500E-06,+2.907032713294E+00,-819.356575608E-03
+2.200000E-06,+2.907032713294E+00,-738.954566419E-03
+2.202500E-06,+2.907032713294E+00,-558.050045751E-03
+2.205000E-06,+2.947233717896E+00,-336.944520473E-03
+2.207500E-06,+2.826630704105E+00,-176.140502095E-03
+2.210000E-06,+2.987434722475E+00,-95.738492906E-03
+2.212500E-06,+3.148238740861E+00,+65.065525472E-03
+2.215000E-06,+3.148238740861E+00,+185.668539248E-03
+2.217500E-06,+3.208540247745E+00,+306.271553040E-03
+2.220000E-06,+3.389444768429E+00,+225.869543850E-03
+2.222500E-06,+3.550248786807E+00,+245.970046140E-03
+2.225000E-06,+3.389444768429E+00,+306.271553040E-03
+2.227500E-06,+3.469846777618E+00,+225.869543850E-03
+2.230000E-06,+3.630650795988E+00,+65.065525480E-03
+2.232500E-06,+3.449746275329E+00,-15.336483717E-03
+2.235000E-06,+3.309042759240E+00,-95.738492906E-03
+2.237500E-06,+3.309042759240E+00,-156.039999790E-03
+2.240000E-06,+3.228640750059E+00,-256.542511284E-03
+2.242500E-06,+3.067836731672E+00,-336.944520473E-03
+2.245000E-06,+2.987434722483E+00,-336.944520473E-03
+2.247500E-06,+2.987434722483E+00,-397.246027357E-03
+2.250000E-06,+2.987434722491E+00,-417.346529663E-03
+2.252500E-06,+2.987434722483E+00,-336.944520473E-03
+2.255000E-06,+2.987434722483E+00,-256.542511284E-03
+2.257500E-06,+3.087937233978E+00,-256.542511284E-03
+2.260000E-06,+3.067836731680E+00,-176.140502095E-03
+2.262500E-06,+3.228640750051E+00,-95.738492906E-03
+2.265000E-06,+3.228640750051E+00,-95.738492906E-03
+2.267500E-06,+3.309042759240E+00,-15.336483717E-03
+2.270000E-06,+3.228640750059E+00,-95.738492898E-03
+2.272500E-06,+3.309042759240E+00,-15.336483717E-03
+2.275000E-06,+3.309042759240E+00,-55.537488320E-03
+2.277500E-06,+3.228640750051E+00,-95.738492906E-03
+2.280000E-06,+3.148238740861E+00,-95.738492906E-03
+2.282500E-06,+3.128138238572E+00,-176.140502095E-03
+2.285000E-06,+3.148238740861E+00,-216.341506682E-03
+2.287500E-06,+3.128138238556E+00,-176.140502095E-03
+2.290000E-06,+3.148238740861E+00,-256.542511284E-03
+2.292500E-06,+3.128138238572E+00,-236.442008995E-03
+2.295000E-06,+3.148238740861E+00,-176.140502095E-03
+2.297500E-06,+3.168339243167E+00,-115.838995212E-03
+2.300000E-06,+3.228640750051E+00,-95.738492914E-03
+2.302500E-06,+3.228640750051E+00,-95.738492906E-03
+2.305000E-06,+3.188439745448E+00,-135.939497492E-03
+2.307500E-06,+3.288942256934E+00,-95.738492906E-03
+2.310000E-06,+3.228640750051E+00,-95.738492906E-03
+2.312500E-06,+3.228640750051E+00,-95.738492906E-03
+2.315000E-06,+3.188439745464E+00,-95.738492906E-03
+2.317500E-06,+3.168339243167E+00,-176.140502095E-03
+2.320000E-06,+3.228640750042E+00,-176.140502095E-03
+2.322500E-06,+3.067836731672E+00,-176.140502095E-03
+2.325000E-06,+3.148238740861E+00,-176.140502095E-03
+2.327500E-06,+3.148238740861E+00,-176.140502095E-03
+2.330000E-06,+3.148238740861E+00,-256.542511284E-03
+2.332500E-06,+3.228640750051E+00,-236.442008995E-03
+2.335000E-06,+3.148238740861E+00,-176.140502095E-03
+2.337500E-06,+3.228640750051E+00,-176.140502095E-03
+2.340000E-06,+3.228640750051E+00,-95.738492906E-03
+2.342500E-06,+3.228640750051E+00,-95.738492906E-03
+2.345000E-06,+3.309042759240E+00,-95.738492906E-03
+2.347500E-06,+3.148238740861E+00,-95.738492906E-03
+2.350000E-06,+3.228640750051E+00,-95.738492906E-03
+2.352500E-06,+3.228640750051E+00,-115.838995195E-03
+2.355000E-06,+3.228640750051E+00,-135.939497509E-03
+2.357500E-06,+3.148238740861E+00,-176.140502095E-03
+2.360000E-06,+3.148238740861E+00,-176.140502095E-03
+2.362500E-06,+3.148238740861E+00,-95.738492906E-03
+2.365000E-06,+3.188439745464E+00,-135.939497509E-03
+2.367500E-06,+3.228640750051E+00,-156.039999790E-03
+2.370000E-06,+3.148238740861E+00,+467.075571401E-03
+2.372500E-06,+3.148238740861E+00,+1.452000183976E+00
+2.375000E-06,+3.067836731672E+00,+2.155517764373E+00
+2.377500E-06,+2.987434722483E+00,+2.778633335597E+00
+2.380000E-06,+3.148238740861E+00,+3.361547902218E+00
+2.382500E-06,+3.067836731672E+00,+4.024864478029E+00
+2.385000E-06,+2.987434722483E+00,+4.286171007893E+00
+2.387500E-06,+3.128138238556E+00,+4.245970003307E+00
+2.390000E-06,+3.309042759240E+00,+4.406774021685E+00
+2.392500E-06,+3.228640750051E+00,+4.386673519396E+00
+2.395000E-06,+3.228640750051E+00,+4.085165984929E+00
+2.397500E-06,+3.449746275312E+00,+3.843959957361E+00
+2.400000E-06,+3.389444768437E+00,+3.763557948172E+00
+2.402500E-06,+3.389444768429E+00,+3.522351920605E+00
+2.405000E-06,+3.389444768429E+00,+3.321346897640E+00
+2.407500E-06,+3.469846777618E+00,+3.120341874659E+00
+2.410000E-06,+3.389444768429E+00,+3.120341874659E+00
+2.412500E-06,+3.288942256951E+00,+2.959537856281E+00
+2.415000E-06,+3.349243763826E+00,+2.879135847092E+00
+2.417500E-06,+3.309042759240E+00,+2.798733837903E+00
+2.420000E-06,+2.987434722491E+00,+2.798733837903E+00
+2.422500E-06,+2.987434722483E+00,+2.798733837903E+00
+2.425000E-06,+3.027635727069E+00,+2.758532833300E+00
+2.427500E-06,+3.007535224789E+00,+2.798733837903E+00
+2.430000E-06,+2.907032713294E+00,+2.959537856281E+00
+2.432500E-06,+2.907032713294E+00,+2.959537856281E+00
+2.435000E-06,+3.108037736258E+00,+3.039939865470E+00
+2.437500E-06,+3.067836731672E+00,+3.100241372353E+00
+2.440000E-06,+3.067836731672E+00,+3.200743883848E+00
+2.442500E-06,+3.228640750051E+00,+3.281145893037E+00
+2.445000E-06,+3.309042759240E+00,+3.321346897623E+00
+2.447500E-06,+3.369344266123E+00,+3.361547902226E+00
+2.450000E-06,+3.228640750059E+00,+3.441949911416E+00
+2.452500E-06,+3.469846777618E+00,+3.361547902226E+00
+2.455000E-06,+3.389444768429E+00,+3.281145893037E+00
+2.457500E-06,+3.248741252356E+00,+3.281145893037E+00
+2.460000E-06,+3.228640750051E+00,+3.120341874659E+00
+2.462500E-06,+3.228640750051E+00,+3.180643381559E+00
+2.465000E-06,+3.148238740861E+00,+3.039939865470E+00
+2.467500E-06,+3.067836731672E+00,+3.039939865470E+00
+2.470000E-06,+3.067836731672E+00,+2.959537856281E+00
+2.472500E-06,+3.087937233961E+00,+3.039939865470E+00
+2.475000E-06,+3.148238740861E+00,+3.039939865470E+00
+2.477500E-06,+3.148238740861E+00,+3.120341874659E+00
+2.480000E-06,+3.148238740861E+00,+3.200743883840E+00
+2.482500E-06,+3.228640750051E+00,+3.120341874659E+00
+2.485000E-06,+3.148238740861E+00,+3.120341874659E+00
+2.487500E-06,+3.228640750051E+00,+3.200743883848E+00
+2.490000E-06,+3.309042759231E+00,+3.281145893037E+00
+2.492500E-06,+3.208540247762E+00,+3.200743883848E+00
+2.495000E-06,+3.228640750051E+00,+3.281145893037E+00
+2.497500E-06,+3.168339243167E+00,+3.200743883848E+00
